#title: Spectral profile - NGC_1052_SPW3.image.pbcor-raster
#region (world): Point[[02:41:04.798, -08d15m20.751]]
#region (pixel): Point[[256, 256]]
#coordinate: world
#xLabel: frequency [GHz]
#yLabel: [Jy/beam] Mean

# NGC_1052_SPW3.image.pbcor-raster
2.149991760254e+02 4.915191233158e-01
2.149835510254e+02 4.909541308880e-01
2.149679260254e+02 4.913536608219e-01
2.149523010254e+02 4.912280142307e-01
2.149366760254e+02 4.912616908550e-01
2.149210510254e+02 4.909390211105e-01
2.149054260254e+02 4.913018643856e-01
2.148898010254e+02 4.917229413986e-01
2.148741760254e+02 4.920762479305e-01
2.148585510254e+02 4.920989871025e-01
2.148429260254e+02 4.913334846497e-01
2.148273010254e+02 4.905433654785e-01
2.148116760254e+02 4.899549782276e-01
2.147960510254e+02 4.896534383297e-01
2.147804260254e+02 4.894867837429e-01
2.147648010254e+02 4.895421564579e-01
2.147491760254e+02 4.899155795574e-01
2.147335662842e+02 4.899964332581e-01
2.147179412842e+02 4.902731180191e-01
2.147023162842e+02 4.908065199852e-01
2.146866912842e+02 4.913901388645e-01
2.146710662842e+02 4.916473329067e-01
2.146554412842e+02 4.916053116322e-01
2.146398162842e+02 4.919568002224e-01
2.146241912842e+02 4.919630289078e-01
2.146085662842e+02 4.918560683727e-01
2.145929412842e+02 4.923419058323e-01
2.145773162842e+02 4.926088154316e-01
2.145616912842e+02 4.923757910728e-01
2.145460662842e+02 4.923324286938e-01
2.145304412842e+02 4.923476278782e-01
2.145148162842e+02 4.921262264252e-01
2.144991912842e+02 4.921193122864e-01
2.144835662842e+02 4.918894767761e-01
2.144679412842e+02 4.918158054352e-01
2.144523162842e+02 4.921801984310e-01
2.144367065430e+02 4.921936094761e-01
2.144210815430e+02 4.920872449875e-01
2.144054565430e+02 4.922474324703e-01
2.143898315430e+02 4.923719763756e-01
2.143742065430e+02 4.922848939896e-01
2.143585815430e+02 4.924706816673e-01
2.143429565430e+02 4.927346408367e-01
2.143273315430e+02 4.927361607552e-01
2.143117065430e+02 4.924035668373e-01
2.142960815430e+02 4.920066893101e-01
2.142804565430e+02 4.921372532845e-01
2.142648315430e+02 4.924502372742e-01
2.142492065430e+02 4.922415912151e-01
2.142335815430e+02 4.907649457455e-01
2.142179565430e+02 4.874501526356e-01
2.142023315430e+02 4.838449060917e-01
2.141867065430e+02 4.818107783794e-01
2.141710815430e+02 4.798904061317e-01
2.141554565430e+02 4.783337712288e-01
2.141398315430e+02 4.789118468761e-01
2.141242218018e+02 4.802345931530e-01
2.141085968018e+02 4.824762344360e-01
2.140929718018e+02 4.859361052513e-01
2.140773468018e+02 4.892064332962e-01
2.140617218018e+02 4.912796020508e-01
2.140460968018e+02 4.919994771481e-01
2.140304718018e+02 4.924794137478e-01
2.140148468018e+02 4.931337833405e-01
2.139992218018e+02 4.936519265175e-01
2.139835968018e+02 4.936579763889e-01
2.139679718018e+02 4.929993748665e-01
2.139523468018e+02 4.927958250046e-01
2.139367218018e+02 4.932480454445e-01
2.139210968018e+02 4.936620891094e-01
2.139054718018e+02 4.937449991703e-01
2.138898468018e+02 4.935536980629e-01
2.138742218018e+02 4.934950172901e-01
2.138585968018e+02 4.935368895531e-01
2.138429718018e+02 4.934996962547e-01
2.138273468018e+02 4.934171140194e-01
2.138117370605e+02 4.932197034359e-01
2.137961120605e+02 4.930389523506e-01
2.137804870605e+02 4.927568435669e-01
2.137648620605e+02 4.924782514572e-01
2.137492370605e+02 4.926990568638e-01
2.137336120605e+02 4.930942654610e-01
2.137179870605e+02 4.930762648582e-01
2.137023620605e+02 4.922914803028e-01
2.136867370605e+02 4.912296533585e-01
2.136711120605e+02 4.904476702213e-01
2.136554870605e+02 4.898416101933e-01
2.136398620605e+02 4.896674454212e-01
2.136242370605e+02 4.896613955498e-01
2.136086120605e+02 4.894481897354e-01
2.135929870605e+02 4.897787570953e-01
2.135773620605e+02 4.907529354095e-01
2.135617370605e+02 4.918176531792e-01
2.135461120605e+02 4.927054643631e-01
2.135304870605e+02 4.932073354721e-01
2.135148620605e+02 4.935367107391e-01
2.134992523193e+02 4.937986135483e-01
2.134836273193e+02 4.938662946224e-01
2.134680023193e+02 4.937968552113e-01
2.134523773193e+02 4.937257170677e-01
2.134367523193e+02 4.936272799969e-01
2.134211273193e+02 4.931185841560e-01
2.134055023193e+02 4.926745593548e-01
2.133898773193e+02 4.926554560661e-01
2.133742523193e+02 4.928208589554e-01
2.133586273193e+02 4.928280413151e-01
2.133430023193e+02 4.921218454838e-01
2.133273773193e+02 4.914872646332e-01
2.133117523193e+02 4.914922714233e-01
2.132961273193e+02 4.917051792145e-01
2.132805023193e+02 4.911683499813e-01
2.132648773193e+02 4.906644821167e-01
2.132492523193e+02 4.916422963142e-01
2.132336273193e+02 4.928973913193e-01
2.132180023193e+02 4.934352040291e-01
2.132023773193e+02 4.938687086105e-01
2.131867675781e+02 4.943898916245e-01
2.131711425781e+02 4.944788515568e-01
2.131555175781e+02 4.942158162594e-01
2.131398925781e+02 4.945408105850e-01
2.131242675781e+02 4.948623478413e-01
2.131086425781e+02 4.943581521511e-01
