#title: Spectral profile - NGC_1052_SPW2.image.pbcor-raster
#region (world): Point[[02:41:04.798, -08d15m20.751]]
#region (pixel): Point[[256, 256]]
#coordinate: world
#xLabel: frequency [GHz]
#yLabel: [Jy/beam] Mean

# NGC_1052_SPW2.image.pbcor-raster
2.169942932129e+02 4.905613660812e-01
2.169786682129e+02 4.912587702274e-01
2.169630432129e+02 4.919253885746e-01
2.169474182129e+02 4.912990927696e-01
2.169317932129e+02 4.909986853600e-01
2.169161682129e+02 4.909987449646e-01
2.169005432129e+02 4.914129972458e-01
2.168849182129e+02 4.910714626312e-01
2.168692932129e+02 4.901126921177e-01
2.168536682129e+02 4.898070693016e-01
2.168380432129e+02 4.899162948132e-01
2.168224182129e+02 4.895867407322e-01
2.168068084717e+02 4.894207119942e-01
2.167911834717e+02 4.895597100258e-01
2.167755584717e+02 4.898017346859e-01
2.167599334717e+02 4.895785152912e-01
2.167443084717e+02 4.894177615643e-01
2.167286834717e+02 4.898325204849e-01
2.167130584717e+02 4.903009235859e-01
2.166974334717e+02 4.906304180622e-01
2.166818084717e+02 4.906503558159e-01
2.166661834717e+02 4.901571571827e-01
2.166505584717e+02 4.896142780781e-01
2.166349334717e+02 4.897146224976e-01
2.166193084717e+02 4.901928603649e-01
2.166036834717e+02 4.903086125851e-01
2.165880584717e+02 4.903595149517e-01
2.165724334717e+02 4.905894994736e-01
2.165568084717e+02 4.909594357014e-01
2.165411834717e+02 4.912715554237e-01
2.165255584717e+02 4.911134243011e-01
2.165099334717e+02 4.906929433346e-01
2.164943237305e+02 4.905030131340e-01
2.164786987305e+02 4.901956021786e-01
2.164630737305e+02 4.898235499859e-01
2.164474487305e+02 4.897767901421e-01
2.164318237305e+02 4.902679622173e-01
2.164161987305e+02 4.907960593700e-01
2.164005737305e+02 4.908960163593e-01
2.163849487305e+02 4.908344745636e-01
2.163693237305e+02 4.907197952271e-01
2.163536987305e+02 4.908342659473e-01
2.163380737305e+02 4.909596145153e-01
2.163224487305e+02 4.906259179115e-01
2.163068237305e+02 4.906010031700e-01
2.162911987305e+02 4.908204376698e-01
2.162755737305e+02 4.905250966549e-01
2.162599487305e+02 4.902991056442e-01
2.162443237305e+02 4.904670417309e-01
2.162286987305e+02 4.906290769577e-01
2.162130737305e+02 4.906660020351e-01
2.161974487305e+02 4.908278584480e-01
2.161818389893e+02 4.910533428192e-01
2.161662139893e+02 4.910843372345e-01
2.161505889893e+02 4.911482632160e-01
2.161349639893e+02 4.909901320934e-01
2.161193389893e+02 4.903189539909e-01
2.161037139893e+02 4.902580976486e-01
2.160880889893e+02 4.907196164131e-01
2.160724639893e+02 4.909604191780e-01
2.160568389893e+02 4.911546111107e-01
2.160412139893e+02 4.913483262062e-01
2.160255889893e+02 4.914301931858e-01
2.160099639893e+02 4.912873804569e-01
2.159943389893e+02 4.912537038326e-01
2.159787139893e+02 4.915426373482e-01
2.159630889893e+02 4.918694496155e-01
2.159474639893e+02 4.919172227383e-01
2.159318389893e+02 4.917448163033e-01
2.159162139893e+02 4.917013049126e-01
2.159005889893e+02 4.917025566101e-01
2.158849792480e+02 4.916210770607e-01
2.158693542480e+02 4.915200769901e-01
2.158537292480e+02 4.916008412838e-01
2.158381042480e+02 4.918822050095e-01
2.158224792480e+02 4.917742609978e-01
2.158068542480e+02 4.915964603424e-01
2.157912292480e+02 4.915555119514e-01
2.157756042480e+02 4.915816485882e-01
2.157599792480e+02 4.916888773441e-01
2.157443542480e+02 4.914545416832e-01
2.157287292480e+02 4.911979436874e-01
2.157131042480e+02 4.910051524639e-01
2.156974792480e+02 4.903878271580e-01
2.156818542480e+02 4.897710382938e-01
2.156662292480e+02 4.896967411041e-01
2.156506042480e+02 4.900279045105e-01
2.156349792480e+02 4.897326827049e-01
2.156193542480e+02 4.889533519745e-01
2.156037292480e+02 4.886996150017e-01
2.155881042480e+02 4.887525141239e-01
2.155724945068e+02 4.887869954109e-01
2.155568695068e+02 4.889239668846e-01
2.155412445068e+02 4.896621108055e-01
2.155256195068e+02 4.906225800514e-01
2.155099945068e+02 4.912613332272e-01
2.154943695068e+02 4.919390380383e-01
2.154787445068e+02 4.921101927757e-01
2.154631195068e+02 4.919690489769e-01
2.154474945068e+02 4.919139444828e-01
2.154318695068e+02 4.919111430645e-01
2.154162445068e+02 4.921644628048e-01
2.154006195068e+02 4.922206103802e-01
2.153849945068e+02 4.921741187572e-01
2.153693695068e+02 4.922009408474e-01
2.153537445068e+02 4.918650388718e-01
2.153381195068e+02 4.915252923965e-01
2.153224945068e+02 4.914943277836e-01
2.153068695068e+02 4.916530847549e-01
2.152912445068e+02 4.917382299900e-01
2.152756195068e+02 4.918030500412e-01
2.152600097656e+02 4.921157956123e-01
2.152443847656e+02 4.924449920654e-01
2.152287597656e+02 4.924013316631e-01
2.152131347656e+02 4.922654926777e-01
2.151975097656e+02 4.922344982624e-01
2.151818847656e+02 4.921243488789e-01
2.151662597656e+02 4.921649694443e-01
2.151506347656e+02 4.925744533539e-01
2.151350097656e+02 4.929413795471e-01
2.151193847656e+02 4.928786754608e-01
2.151037597656e+02 4.925223290920e-01
