#title: Spectral profile - NGC_1052_SPW3.image.pbcor-raster
#region (world): Point[[02:41:04.798, -08d15m20.751]]
#region (pixel): Point[[256, 256]]
#coordinate: world
#xLabel: radio velocity [km/s]
#yLabel: [Jy/beam] Mean
# restfreq='215.220653GHz' SO 5_5-4_4

# NGC_1052_SPW3.image.pbcor-raster
3.085137023926e+02 4.915191233158e-01
3.302775573730e+02 4.909541308880e-01
3.520413818359e+02 4.913536608219e-01
3.738052368164e+02 4.912280142307e-01
3.955690612793e+02 4.912616908550e-01
4.173328857422e+02 4.909390211105e-01
4.390967407227e+02 4.913018643856e-01
4.608605651855e+02 4.917229413986e-01
4.826244201660e+02 4.920762479305e-01
5.043882446289e+02 4.920989871025e-01
5.261520996094e+02 4.913334846497e-01
5.479158935547e+02 4.905433654785e-01
5.696797485352e+02 4.899549782276e-01
5.914436035156e+02 4.896534383297e-01
6.132073974609e+02 4.894867837429e-01
6.349712524414e+02 4.895421564579e-01
6.567351074219e+02 4.899155795574e-01
6.784989013672e+02 4.899964332581e-01
7.002627563477e+02 4.902731180191e-01
7.220266113281e+02 4.908065199852e-01
7.437904663086e+02 4.913901388645e-01
7.655542602539e+02 4.916473329067e-01
7.873181152344e+02 4.916053116322e-01
8.090819702148e+02 4.919568002224e-01
8.308457641602e+02 4.919630289078e-01
8.526096191406e+02 4.918560683727e-01
8.743734741211e+02 4.923419058323e-01
8.961372680664e+02 4.926088154316e-01
9.179011230469e+02 4.923757910728e-01
9.396649780273e+02 4.923324286938e-01
9.614287719727e+02 4.923476278782e-01
9.831926269531e+02 4.921262264252e-01
1.004956481934e+03 4.921193122864e-01
1.026720336914e+03 4.918894767761e-01
1.048484130859e+03 4.918158054352e-01
1.070247924805e+03 4.921801984310e-01
1.092011840820e+03 4.921936094761e-01
1.113775634766e+03 4.920872449875e-01
1.135539550781e+03 4.922474324703e-01
1.157303344727e+03 4.923719763756e-01
1.179067138672e+03 4.922848939896e-01
1.200831054688e+03 4.924706816673e-01
1.222594848633e+03 4.927346408367e-01
1.244358642578e+03 4.927361607552e-01
1.266122558594e+03 4.924035668373e-01
1.287886352539e+03 4.920066893101e-01
1.309650146484e+03 4.921372532845e-01
1.331414062500e+03 4.924502372742e-01
1.353177856445e+03 4.922415912151e-01
1.374941650391e+03 4.907649457455e-01
1.396705566406e+03 4.874501526356e-01
1.418469360352e+03 4.838449060917e-01
1.440233154297e+03 4.818107783794e-01
1.461997070312e+03 4.798904061317e-01
1.483760864258e+03 4.783337712288e-01
1.505524658203e+03 4.789118468761e-01
1.527288574219e+03 4.802345931530e-01
1.549052368164e+03 4.824762344360e-01
1.570816162109e+03 4.859361052513e-01
1.592580078125e+03 4.892064332962e-01
1.614343872070e+03 4.912796020508e-01
1.636107666016e+03 4.919994771481e-01
1.657871582031e+03 4.924794137478e-01
1.679635375977e+03 4.931337833405e-01
1.701399291992e+03 4.936519265175e-01
1.723163085938e+03 4.936579763889e-01
1.744926879883e+03 4.929993748665e-01
1.766690795898e+03 4.927958250046e-01
1.788454589844e+03 4.932480454445e-01
1.810218383789e+03 4.936620891094e-01
1.831982299805e+03 4.937449991703e-01
1.853746093750e+03 4.935536980629e-01
1.875509887695e+03 4.934950172901e-01
1.897273803711e+03 4.935368895531e-01
1.919037597656e+03 4.934996962547e-01
1.940801391602e+03 4.934171140194e-01
1.962565307617e+03 4.932197034359e-01
1.984329101562e+03 4.930389523506e-01
2.006092895508e+03 4.927568435669e-01
2.027856811523e+03 4.924782514572e-01
2.049620605469e+03 4.926990568638e-01
2.071384521484e+03 4.930942654610e-01
2.093148193359e+03 4.930762648582e-01
2.114912109375e+03 4.922914803028e-01
2.136676025391e+03 4.912296533585e-01
2.158439697266e+03 4.904476702213e-01
2.180203613281e+03 4.898416101933e-01
2.201967529297e+03 4.896674454212e-01
2.223731201172e+03 4.896613955498e-01
2.245495117188e+03 4.894481897354e-01
2.267259033203e+03 4.897787570953e-01
2.289022705078e+03 4.907529354095e-01
2.310786621094e+03 4.918176531792e-01
2.332550537109e+03 4.927054643631e-01
2.354314208984e+03 4.932073354721e-01
2.376078125000e+03 4.935367107391e-01
2.397842041016e+03 4.937986135483e-01
2.419605712891e+03 4.938662946224e-01
2.441369628906e+03 4.937968552113e-01
2.463133544922e+03 4.937257170677e-01
2.484897216797e+03 4.936272799969e-01
2.506661132812e+03 4.931185841560e-01
2.528425048828e+03 4.926745593548e-01
2.550188720703e+03 4.926554560661e-01
2.571952636719e+03 4.928208589554e-01
2.593716552734e+03 4.928280413151e-01
2.615480468750e+03 4.921218454838e-01
2.637244140625e+03 4.914872646332e-01
2.659008056641e+03 4.914922714233e-01
2.680771972656e+03 4.917051792145e-01
2.702535644531e+03 4.911683499813e-01
2.724299560547e+03 4.906644821167e-01
2.746063476562e+03 4.916422963142e-01
2.767827148438e+03 4.928973913193e-01
2.789591064453e+03 4.934352040291e-01
2.811354980469e+03 4.938687086105e-01
2.833118652344e+03 4.943898916245e-01
2.854882568359e+03 4.944788515568e-01
2.876646484375e+03 4.942158162594e-01
2.898410156250e+03 4.945408105850e-01
2.920174072266e+03 4.948623478413e-01
2.941937988281e+03 4.943581521511e-01
