#title: Spectral profile - NGC_1052_SPW0.image.pbcor-raster <2>
#region (world): Point[[02:41:04.798, -08d15m20.751]]
#region (pixel): Point[[256, 256]]
#coordinate: world
#xLabel: radio velocity [km/s]
#yLabel: [Jy/beam] Mean
# restfreq='230.5380GHz' CO J=2-1

# NGC_1052_SPW0.image.pbcor-raster
2.687356201172e+03 4.940260946751e-01
2.667038330078e+03 4.933786690235e-01
2.646720703125e+03 4.935943484306e-01
2.626402832031e+03 4.932131171227e-01
2.606084960938e+03 4.928283393383e-01
2.585767089844e+03 4.920344352722e-01
2.565449462891e+03 4.919039309025e-01
2.545131591797e+03 4.922969043255e-01
2.524813720703e+03 4.922285079956e-01
2.504495849609e+03 4.917887747288e-01
2.484178222656e+03 4.921295046806e-01
2.463860351562e+03 4.925367832184e-01
2.443542480469e+03 4.923763871193e-01
2.423224609375e+03 4.921667873859e-01
2.402906982422e+03 4.924635887146e-01
2.382589111328e+03 4.926661252975e-01
2.362271240234e+03 4.926804304123e-01
2.341953369141e+03 4.926847815514e-01
2.321635742188e+03 4.922521710396e-01
2.301317871094e+03 4.917069375515e-01
2.281000000000e+03 4.917429089546e-01
2.260682128906e+03 4.916595816612e-01
2.240364501953e+03 4.914614856243e-01
2.220046630859e+03 4.917996525764e-01
2.199728759766e+03 4.920219480991e-01
2.179410888672e+03 4.920202195644e-01
2.159093261719e+03 4.922758340836e-01
2.138775390625e+03 4.920096993446e-01
2.118457519531e+03 4.914926290512e-01
2.098139648438e+03 4.918606579304e-01
2.077822021484e+03 4.923889935017e-01
2.057504150391e+03 4.925853610039e-01
2.037186279297e+03 4.929814338684e-01
2.016868530273e+03 4.932818114758e-01
1.996550659180e+03 4.930694401264e-01
1.976232910156e+03 4.923463165760e-01
1.955915039062e+03 4.917740225792e-01
1.935597290039e+03 4.922751486301e-01
1.915279418945e+03 4.927138090134e-01
1.894961669922e+03 4.920120537281e-01
1.874643798828e+03 4.916555881500e-01
1.854326049805e+03 4.920012354851e-01
1.834008178711e+03 4.919667840004e-01
1.813690429688e+03 4.914790391922e-01
1.793372558594e+03 4.913381934166e-01
1.773054809570e+03 4.910226464272e-01
1.752736938477e+03 4.907546043396e-01
1.732419189453e+03 4.900953471661e-01
1.712101318359e+03 4.884730279446e-01
1.691783569336e+03 4.871231615543e-01
1.671465698242e+03 4.857511222363e-01
1.651147949219e+03 4.835080504417e-01
1.630830078125e+03 4.809274375439e-01
1.610512329102e+03 4.775719940662e-01
1.590194580078e+03 4.723107516766e-01
1.569876708984e+03 4.647266268730e-01
1.549558959961e+03 4.567165970802e-01
1.529241088867e+03 4.499605000019e-01
1.508923339844e+03 4.456702470779e-01
1.488605468750e+03 4.450078308582e-01
1.468287719727e+03 4.474106729031e-01
1.447969848633e+03 4.520333707333e-01
1.427652099609e+03 4.598047137260e-01
1.407334228516e+03 4.700239896774e-01
1.387016479492e+03 4.791617989540e-01
1.366698608398e+03 4.849835336208e-01
1.346380859375e+03 4.877490997314e-01
1.326062988281e+03 4.887876212597e-01
1.305745239258e+03 4.895354509354e-01
1.285427368164e+03 4.899548292160e-01
1.265109619141e+03 4.899639189243e-01
1.244791748047e+03 4.897617101669e-01
1.224473999023e+03 4.902183115482e-01
1.204156127930e+03 4.911223948002e-01
1.183838378906e+03 4.910159111023e-01
1.163520507812e+03 4.912609457970e-01
1.143202758789e+03 4.909450411797e-01
1.122884887695e+03 4.903158545494e-01
1.102567138672e+03 4.908271729946e-01
1.082249267578e+03 4.911331236362e-01
1.061931518555e+03 4.909387230873e-01
1.041613647461e+03 4.907546937466e-01
1.021295898438e+03 4.907365441322e-01
1.000978088379e+03 4.905556142330e-01
9.806602783203e+02 4.900498688221e-01
9.603424682617e+02 4.894693791866e-01
9.400246582031e+02 4.892725944519e-01
9.197068481445e+02 4.893927276134e-01
8.993890380859e+02 4.897010922432e-01
8.790712280273e+02 4.900702238083e-01
8.587534179688e+02 4.901435077190e-01
8.384356079102e+02 4.901736974716e-01
8.181177978516e+02 4.899873435497e-01
7.977999877930e+02 4.894765913486e-01
7.774821777344e+02 4.896646440029e-01
7.571643676758e+02 4.899737536907e-01
7.368465576172e+02 4.896563291550e-01
7.165287475586e+02 4.894255399704e-01
6.962109375000e+02 4.896135330200e-01
6.758931274414e+02 4.897373020649e-01
6.555753173828e+02 4.895500838757e-01
6.352575073242e+02 4.892286062241e-01
6.149396972656e+02 4.891551733017e-01
5.946218872070e+02 4.892489016056e-01
5.743040771484e+02 4.890658557415e-01
5.539862670898e+02 4.887697994709e-01
5.336684570312e+02 4.887054562569e-01
5.133506469727e+02 4.890206158161e-01
4.930328369141e+02 4.896250367165e-01
4.727150268555e+02 4.898115992546e-01
4.523972167969e+02 4.899634718895e-01
4.320794067383e+02 4.905780851841e-01
4.117615966797e+02 4.903944730759e-01
3.914437866211e+02 4.898209571838e-01
3.711259765625e+02 4.899196028709e-01
3.508081665039e+02 4.900899529457e-01
3.304903564453e+02 4.903749823570e-01
3.101725463867e+02 4.908541738987e-01
2.898547363281e+02 4.906753599644e-01
2.695369262695e+02 4.902426004410e-01
2.492191314697e+02 4.902409613132e-01
2.289013214111e+02 4.905884265900e-01
