#title: Spectral profile - NGC_1052_SPW1.image.pbcor-raster
#region (world): Point[[02:41:04.798, -08d15m20.751]]
#region (pixel): Point[[256, 256]]
#coordinate: world
#xLabel: frequency [GHz]
#yLabel: [Jy/beam] Mean

# NGC_1052_SPW1.image.pbcor-raster
2.298373107910e+02 4.908464252949e-01
2.298529357910e+02 4.912237524986e-01
2.298685607910e+02 4.915582835674e-01
2.298841857910e+02 4.912488162518e-01
2.298998107910e+02 4.915183484554e-01
2.299154357910e+02 4.908671379089e-01
2.299310607910e+02 4.903196990490e-01
2.299466857910e+02 4.908202588558e-01
2.299623107910e+02 4.911879003048e-01
2.299779357910e+02 4.909532368183e-01
2.299935607910e+02 4.907771646976e-01
2.300091857910e+02 4.905761480331e-01
2.300248107910e+02 4.905841648579e-01
2.300404357910e+02 4.907895624638e-01
2.300560607910e+02 4.906814992428e-01
2.300716857910e+02 4.902814924717e-01
2.300873107910e+02 4.901663959026e-01
2.301029357910e+02 4.900520443916e-01
2.301185607910e+02 4.897188544273e-01
2.301341705322e+02 4.896489679813e-01
2.301497955322e+02 4.901565909386e-01
2.301654205322e+02 4.907009005547e-01
2.301810455322e+02 4.906493723392e-01
2.301966705322e+02 4.908788800240e-01
2.302122955322e+02 4.914730191231e-01
2.302279205322e+02 4.913847148418e-01
2.302435455322e+02 4.908754825592e-01
2.302591705322e+02 4.906210601330e-01
2.302747955322e+02 4.908059835434e-01
2.302904205322e+02 4.913245737553e-01
2.303060455322e+02 4.914817214012e-01
2.303216705322e+02 4.909932911396e-01
2.303372955322e+02 4.905006885529e-01
2.303529205322e+02 4.906635582447e-01
2.303685455322e+02 4.911759495735e-01
2.303841705322e+02 4.913402497768e-01
2.303997955322e+02 4.914177954197e-01
2.304154205322e+02 4.916707277298e-01
2.304310455322e+02 4.917489588261e-01
2.304466552734e+02 4.918028414249e-01
2.304622802734e+02 4.916815459728e-01
2.304779052734e+02 4.912959337234e-01
2.304935302734e+02 4.912928640842e-01
2.305091552734e+02 4.912682771683e-01
2.305247802734e+02 4.908651709557e-01
2.305404052734e+02 4.908007085323e-01
2.305560302734e+02 4.911469519138e-01
2.305716552734e+02 4.913558661938e-01
2.305872802734e+02 4.915561676025e-01
2.306029052734e+02 4.918232858181e-01
2.306185302734e+02 4.919525980949e-01
2.306341552734e+02 4.920049607754e-01
2.306497802734e+02 4.919396936893e-01
2.306654052734e+02 4.915916025639e-01
2.306810302734e+02 4.912052154541e-01
2.306966552734e+02 4.912350475788e-01
2.307122802734e+02 4.915630817413e-01
2.307279052734e+02 4.917975366116e-01
2.307435302734e+02 4.922639429569e-01
2.307591400146e+02 4.928907454014e-01
2.307747650146e+02 4.926849007607e-01
2.307903900146e+02 4.921189844608e-01
2.308060150146e+02 4.919329285622e-01
2.308216400146e+02 4.918929338455e-01
2.308372650146e+02 4.920333325863e-01
2.308528900146e+02 4.919019043446e-01
2.308685150146e+02 4.914891123772e-01
2.308841400146e+02 4.915196895599e-01
2.308997650146e+02 4.919945895672e-01
2.309153900146e+02 4.919759333134e-01
2.309310150146e+02 4.915372133255e-01
2.309466400146e+02 4.916846454144e-01
2.309622650146e+02 4.919172227383e-01
2.309778900146e+02 4.918009340763e-01
2.309935150146e+02 4.917477369308e-01
2.310091400146e+02 4.917927086353e-01
2.310247650146e+02 4.915962517262e-01
2.310403900146e+02 4.913786947727e-01
2.310560150146e+02 4.912084341049e-01
2.310716247559e+02 4.909972846508e-01
2.310872497559e+02 4.912623167038e-01
2.311028747559e+02 4.916404783726e-01
2.311184997559e+02 4.918215572834e-01
2.311341247559e+02 4.916426539421e-01
2.311497497559e+02 4.916146993637e-01
2.311653747559e+02 4.916103482246e-01
2.311809997559e+02 4.910672307014e-01
2.311966247559e+02 4.908495247364e-01
2.312122497559e+02 4.911443889141e-01
2.312278747559e+02 4.911584854126e-01
2.312434997559e+02 4.904766380787e-01
2.312591247559e+02 4.893895685673e-01
2.312747497559e+02 4.893263876438e-01
2.312903747559e+02 4.900523424149e-01
2.313059997559e+02 4.903265237808e-01
2.313216247559e+02 4.905481636524e-01
2.313372497559e+02 4.904028773308e-01
2.313528747559e+02 4.900397062302e-01
2.313684997559e+02 4.895681440830e-01
2.313841094971e+02 4.893663525581e-01
2.313997344971e+02 4.899468421936e-01
2.314153594971e+02 4.900925755501e-01
2.314309844971e+02 4.898084700108e-01
2.314466094971e+02 4.896546602249e-01
2.314622344971e+02 4.890331327915e-01
2.314778594971e+02 4.883027374744e-01
2.314934844971e+02 4.884617924690e-01
2.315091094971e+02 4.892393946648e-01
2.315247344971e+02 4.892050027847e-01
2.315403594971e+02 4.887317419052e-01
2.315559844971e+02 4.885599315166e-01
2.315716094971e+02 4.881203174591e-01
2.315872344971e+02 4.878499209881e-01
2.316028594971e+02 4.882884025574e-01
2.316184844971e+02 4.888110160828e-01
2.316341094971e+02 4.890305101871e-01
2.316497344971e+02 4.893980026245e-01
2.316653594971e+02 4.900186061859e-01
2.316809692383e+02 4.901785850525e-01
2.316965942383e+02 4.899436235428e-01
2.317122192383e+02 4.899322390556e-01
2.317278442383e+02 4.901649653912e-01
