#title: Spectral profile - NGC_1052_SPW2.image.pbcor-raster
#region (world): Point[[02:41:04.798, -08d15m20.751]]
#region (pixel): Point[[256, 256]]
#coordinate: world
#xLabel: radio velocity [km/s]
#yLabel: [Jy/beam] Mean
# restfreq='217.10498GHz' SiO J=5-4 v=0

# NGC_1052_SPW2.image.pbcor-raster
1.528448638916e+02 4.905613660812e-01
1.744197998047e+02 4.912587702274e-01
1.959947357178e+02 4.919253885746e-01
2.175696868896e+02 4.912990927696e-01
2.391446228027e+02 4.909986853600e-01
2.607195739746e+02 4.909987449646e-01
2.822944946289e+02 4.914129972458e-01
3.038694458008e+02 4.910714626312e-01
3.254443969727e+02 4.901126921177e-01
3.470193176270e+02 4.898070693016e-01
3.685942687988e+02 4.899162948132e-01
3.901692199707e+02 4.895867407322e-01
4.117441406250e+02 4.894207119942e-01
4.333190917969e+02 4.895597100258e-01
4.548940429688e+02 4.898017346859e-01
4.764689636230e+02 4.895785152912e-01
4.980439147949e+02 4.894177615643e-01
5.196188354492e+02 4.898325204849e-01
5.411937866211e+02 4.903009235859e-01
5.627687377930e+02 4.906304180622e-01
5.843436889648e+02 4.906503558159e-01
6.059186401367e+02 4.901571571827e-01
6.274935302734e+02 4.896142780781e-01
6.490684814453e+02 4.897146224976e-01
6.706434326172e+02 4.901928603649e-01
6.922183837891e+02 4.903086125851e-01
7.137933349609e+02 4.903595149517e-01
7.353682861328e+02 4.905894994736e-01
7.569431762695e+02 4.909594357014e-01
7.785181274414e+02 4.912715554237e-01
8.000930786133e+02 4.911134243011e-01
8.216680297852e+02 4.906929433346e-01
8.432429809570e+02 4.905030131340e-01
8.648178710938e+02 4.901956021786e-01
8.863928222656e+02 4.898235499859e-01
9.079677734375e+02 4.897767901421e-01
9.295427246094e+02 4.902679622173e-01
9.511176757812e+02 4.907960593700e-01
9.726926269531e+02 4.908960163593e-01
9.942675170898e+02 4.908344745636e-01
1.015842468262e+03 4.907197952271e-01
1.037417480469e+03 4.908342659473e-01
1.058992309570e+03 4.909596145153e-01
1.080567260742e+03 4.906259179115e-01
1.102142211914e+03 4.906010031700e-01
1.123717163086e+03 4.908204376698e-01
1.145292114258e+03 4.905250966549e-01
1.166867065430e+03 4.902991056442e-01
1.188442016602e+03 4.904670417309e-01
1.210016967773e+03 4.906290769577e-01
1.231591918945e+03 4.906660020351e-01
1.253166870117e+03 4.908278584480e-01
1.274741821289e+03 4.910533428192e-01
1.296316650391e+03 4.910843372345e-01
1.317891601562e+03 4.911482632160e-01
1.339466552734e+03 4.909901320934e-01
1.361041503906e+03 4.903189539909e-01
1.382616455078e+03 4.902580976486e-01
1.404191406250e+03 4.907196164131e-01
1.425766357422e+03 4.909604191780e-01
1.447341308594e+03 4.911546111107e-01
1.468916259766e+03 4.913483262062e-01
1.490491210938e+03 4.914301931858e-01
1.512066162109e+03 4.912873804569e-01
1.533641113281e+03 4.912537038326e-01
1.555215942383e+03 4.915426373482e-01
1.576790893555e+03 4.918694496155e-01
1.598365844727e+03 4.919172227383e-01
1.619940795898e+03 4.917448163033e-01
1.641515747070e+03 4.917013049126e-01
1.663090698242e+03 4.917025566101e-01
1.684665649414e+03 4.916210770607e-01
1.706240600586e+03 4.915200769901e-01
1.727815551758e+03 4.916008412838e-01
1.749390502930e+03 4.918822050095e-01
1.770965454102e+03 4.917742609978e-01
1.792540283203e+03 4.915964603424e-01
1.814115234375e+03 4.915555119514e-01
1.835690185547e+03 4.915816485882e-01
1.857265136719e+03 4.916888773441e-01
1.878840087891e+03 4.914545416832e-01
1.900415039062e+03 4.911979436874e-01
1.921989990234e+03 4.910051524639e-01
1.943564941406e+03 4.903878271580e-01
1.965139892578e+03 4.897710382938e-01
1.986714843750e+03 4.896967411041e-01
2.008289794922e+03 4.900279045105e-01
2.029864746094e+03 4.897326827049e-01
2.051439697266e+03 4.889533519745e-01
2.073014648438e+03 4.886996150017e-01
2.094589599609e+03 4.887525141239e-01
2.116164550781e+03 4.887869954109e-01
2.137739501953e+03 4.889239668846e-01
2.159314208984e+03 4.896621108055e-01
2.180889160156e+03 4.906225800514e-01
2.202464111328e+03 4.912613332272e-01
2.224039062500e+03 4.919390380383e-01
2.245614013672e+03 4.921101927757e-01
2.267188964844e+03 4.919690489769e-01
2.288763916016e+03 4.919139444828e-01
2.310338867188e+03 4.919111430645e-01
2.331913818359e+03 4.921644628048e-01
2.353488769531e+03 4.922206103802e-01
2.375063720703e+03 4.921741187572e-01
2.396638671875e+03 4.922009408474e-01
2.418213623047e+03 4.918650388718e-01
2.439788574219e+03 4.915252923965e-01
2.461363525391e+03 4.914943277836e-01
2.482938476562e+03 4.916530847549e-01
2.504513427734e+03 4.917382299900e-01
2.526088378906e+03 4.918030500412e-01
2.547663330078e+03 4.921157956123e-01
2.569238281250e+03 4.924449920654e-01
2.590813232422e+03 4.924013316631e-01
2.612388183594e+03 4.922654926777e-01
2.633963134766e+03 4.922344982624e-01
2.655537841797e+03 4.921243488789e-01
2.677112792969e+03 4.921649694443e-01
2.698687744141e+03 4.925744533539e-01
2.720262695312e+03 4.929413795471e-01
2.741837646484e+03 4.928786754608e-01
2.763412597656e+03 4.925223290920e-01
