#title: Spectral profile - NGC_1052_SPW0.image.pbcor-raster <2>
#region (world): Point[[02:41:04.798, -08d15m20.751]]
#region (pixel): Point[[256, 256]]
#coordinate: world
#xLabel: frequency [GHz]
#yLabel: [Jy/beam] Mean

# NGC_1052_SPW0.image.pbcor-raster
2.284714508057e+02 4.940260946751e-01
2.284870758057e+02 4.933786690235e-01
2.285026855469e+02 4.935943484306e-01
2.285183105469e+02 4.932131171227e-01
2.285339355469e+02 4.928283393383e-01
2.285495605469e+02 4.920344352722e-01
2.285651855469e+02 4.919039309025e-01
2.285808105469e+02 4.922969043255e-01
2.285964355469e+02 4.922285079956e-01
2.286120605469e+02 4.917887747288e-01
2.286276855469e+02 4.921295046806e-01
2.286433105469e+02 4.925367832184e-01
2.286589355469e+02 4.923763871193e-01
2.286745605469e+02 4.921667873859e-01
2.286901855469e+02 4.924635887146e-01
2.287058105469e+02 4.926661252975e-01
2.287214355469e+02 4.926804304123e-01
2.287370605469e+02 4.926847815514e-01
2.287526855469e+02 4.922521710396e-01
2.287683105469e+02 4.917069375515e-01
2.287839355469e+02 4.917429089546e-01
2.287995605469e+02 4.916595816612e-01
2.288151702881e+02 4.914614856243e-01
2.288307952881e+02 4.917996525764e-01
2.288464202881e+02 4.920219480991e-01
2.288620452881e+02 4.920202195644e-01
2.288776702881e+02 4.922758340836e-01
2.288932952881e+02 4.920096993446e-01
2.289089202881e+02 4.914926290512e-01
2.289245452881e+02 4.918606579304e-01
2.289401702881e+02 4.923889935017e-01
2.289557952881e+02 4.925853610039e-01
2.289714202881e+02 4.929814338684e-01
2.289870452881e+02 4.932818114758e-01
2.290026702881e+02 4.930694401264e-01
2.290182952881e+02 4.923463165760e-01
2.290339202881e+02 4.917740225792e-01
2.290495452881e+02 4.922751486301e-01
2.290651702881e+02 4.927138090134e-01
2.290807952881e+02 4.920120537281e-01
2.290964202881e+02 4.916555881500e-01
2.291120452881e+02 4.920012354851e-01
2.291276550293e+02 4.919667840004e-01
2.291432800293e+02 4.914790391922e-01
2.291589050293e+02 4.913381934166e-01
2.291745300293e+02 4.910226464272e-01
2.291901550293e+02 4.907546043396e-01
2.292057800293e+02 4.900953471661e-01
2.292214050293e+02 4.884730279446e-01
2.292370300293e+02 4.871231615543e-01
2.292526550293e+02 4.857511222363e-01
2.292682800293e+02 4.835080504417e-01
2.292839050293e+02 4.809274375439e-01
2.292995300293e+02 4.775719940662e-01
2.293151550293e+02 4.723107516766e-01
2.293307800293e+02 4.647266268730e-01
2.293464050293e+02 4.567165970802e-01
2.293620300293e+02 4.499605000019e-01
2.293776550293e+02 4.456702470779e-01
2.293932800293e+02 4.450078308582e-01
2.294089050293e+02 4.474106729031e-01
2.294245300293e+02 4.520333707333e-01
2.294401397705e+02 4.598047137260e-01
2.294557647705e+02 4.700239896774e-01
2.294713897705e+02 4.791617989540e-01
2.294870147705e+02 4.849835336208e-01
2.295026397705e+02 4.877490997314e-01
2.295182647705e+02 4.887876212597e-01
2.295338897705e+02 4.895354509354e-01
2.295495147705e+02 4.899548292160e-01
2.295651397705e+02 4.899639189243e-01
2.295807647705e+02 4.897617101669e-01
2.295963897705e+02 4.902183115482e-01
2.296120147705e+02 4.911223948002e-01
2.296276397705e+02 4.910159111023e-01
2.296432647705e+02 4.912609457970e-01
2.296588897705e+02 4.909450411797e-01
2.296745147705e+02 4.903158545494e-01
2.296901397705e+02 4.908271729946e-01
2.297057647705e+02 4.911331236362e-01
2.297213897705e+02 4.909387230873e-01
2.297370147705e+02 4.907546937466e-01
2.297526245117e+02 4.907365441322e-01
2.297682495117e+02 4.905556142330e-01
2.297838745117e+02 4.900498688221e-01
2.297994995117e+02 4.894693791866e-01
2.298151245117e+02 4.892725944519e-01
2.298307495117e+02 4.893927276134e-01
2.298463745117e+02 4.897010922432e-01
2.298619995117e+02 4.900702238083e-01
2.298776245117e+02 4.901435077190e-01
2.298932495117e+02 4.901736974716e-01
2.299088745117e+02 4.899873435497e-01
2.299244995117e+02 4.894765913486e-01
2.299401245117e+02 4.896646440029e-01
2.299557495117e+02 4.899737536907e-01
2.299713745117e+02 4.896563291550e-01
2.299869995117e+02 4.894255399704e-01
2.300026245117e+02 4.896135330200e-01
2.300182495117e+02 4.897373020649e-01
2.300338745117e+02 4.895500838757e-01
2.300494995117e+02 4.892286062241e-01
2.300651092529e+02 4.891551733017e-01
2.300807342529e+02 4.892489016056e-01
2.300963592529e+02 4.890658557415e-01
2.301119842529e+02 4.887697994709e-01
2.301276092529e+02 4.887054562569e-01
2.301432342529e+02 4.890206158161e-01
2.301588592529e+02 4.896250367165e-01
2.301744842529e+02 4.898115992546e-01
2.301901092529e+02 4.899634718895e-01
2.302057342529e+02 4.905780851841e-01
2.302213592529e+02 4.903944730759e-01
2.302369842529e+02 4.898209571838e-01
2.302526092529e+02 4.899196028709e-01
2.302682342529e+02 4.900899529457e-01
2.302838592529e+02 4.903749823570e-01
2.302994842529e+02 4.908541738987e-01
2.303151092529e+02 4.906753599644e-01
2.303307342529e+02 4.902426004410e-01
2.303463592529e+02 4.902409613132e-01
2.303619842529e+02 4.905884265900e-01
