#title: Spectral profile - NGC_1052_comb_SPW1.image.pbcor-raster <2>
#region (world): Point[[02:41:04.798, -08d15m20.751]]
#region (pixel): Point[[256, 256]]
#coordinate: world
#xLabel: radio velocity [km/s]
#yLabel: [Jy/beam] Mean
# restfreq='344.916247GHz' SiO J=8-7 v=1

# NGC_1052_comb_SPW1.image.pbcor-raster
6.365305786133e+02 4.238218963146e-01
6.501107788086e+02 4.171301722527e-01
6.636909790039e+02 4.098004400730e-01
6.772711791992e+02 4.014505743980e-01
6.908513793945e+02 3.938132226467e-01
7.044315185547e+02 3.879266679287e-01
7.180117187500e+02 3.855955898762e-01
7.315919189453e+02 3.856553137302e-01
7.451721191406e+02 3.879462480545e-01
7.587523193359e+02 3.927776515484e-01
7.723325195312e+02 3.983599245548e-01
7.859127197266e+02 4.029903113842e-01
7.994929199219e+02 4.081572890282e-01
8.130731201172e+02 4.137780070305e-01
8.266533203125e+02 4.187285602093e-01
8.402335205078e+02 4.225910604000e-01
8.538137207031e+02 4.255510866642e-01
8.673939208984e+02 4.281780123711e-01
8.809741210938e+02 4.296388626099e-01
8.945542602539e+02 4.299991726875e-01
9.081344604492e+02 4.313085973263e-01
9.217146606445e+02 4.332334697247e-01
9.352948608398e+02 4.346567094326e-01
9.488750610352e+02 4.351192712784e-01
9.624552612305e+02 4.349298179150e-01
9.760354614258e+02 4.346317946911e-01
9.896156616211e+02 4.339289069176e-01
1.003195861816e+03 4.332458972931e-01
1.016776062012e+03 4.329599440098e-01
1.030356201172e+03 4.318972527981e-01
1.043936401367e+03 4.293810427189e-01
1.057516601562e+03 4.260810911655e-01
1.071096801758e+03 4.223133921623e-01
1.084677001953e+03 4.188168048859e-01
1.098257202148e+03 4.160514771938e-01
1.111837402344e+03 4.144461154938e-01
1.125417602539e+03 4.144711792469e-01
1.138997802734e+03 4.155785441399e-01
1.152578002930e+03 4.173953533173e-01
1.166158203125e+03 4.204037785530e-01
1.179738403320e+03 4.232414066792e-01
1.193318603516e+03 4.250746071339e-01
1.206898803711e+03 4.277231097221e-01
1.220479003906e+03 4.310995638371e-01
1.234059204102e+03 4.335419833660e-01
1.247639404297e+03 4.354324042797e-01
1.261219604492e+03 4.368611276150e-01
1.274799804688e+03 4.378427267075e-01
1.288380004883e+03 4.386458694935e-01
1.301960205078e+03 4.390492737293e-01
1.315540405273e+03 4.398288130760e-01
1.329120605469e+03 4.410063624382e-01
1.342700805664e+03 4.414725899696e-01
1.356280883789e+03 4.418531358242e-01
1.369861083984e+03 4.426803886890e-01
1.383441284180e+03 4.426327049732e-01
1.397021484375e+03 4.418493509293e-01
1.410601684570e+03 4.416710138321e-01
1.424181884766e+03 4.422709345818e-01
1.437762084961e+03 4.428102076054e-01
1.451342285156e+03 4.429908990860e-01
1.464922485352e+03 4.432752430439e-01
1.478502685547e+03 4.425975084305e-01
1.492082885742e+03 4.420667886734e-01
1.505663085938e+03 4.422552883625e-01
1.519243286133e+03 4.422686398029e-01
1.532823486328e+03 4.425680041313e-01
1.546403686523e+03 4.426557719707e-01
1.559983886719e+03 4.425192773342e-01
1.573564086914e+03 4.426371455193e-01
1.587144287109e+03 4.432872533798e-01
1.600724487305e+03 4.443189203739e-01
1.614304687500e+03 4.439900517464e-01
1.627884887695e+03 4.428992569447e-01
1.641465087891e+03 4.429244101048e-01
1.655045288086e+03 4.435798525810e-01
1.668625488281e+03 4.441708326340e-01
1.682205688477e+03 4.436008036137e-01
1.695785888672e+03 4.423120319843e-01
1.709366088867e+03 4.417034983635e-01
1.722946289062e+03 4.415951967239e-01
1.736526367188e+03 4.415201544762e-01
1.750106567383e+03 4.412223100662e-01
1.763686767578e+03 4.410154521465e-01
1.777266967773e+03 4.408155381680e-01
1.790847167969e+03 4.412525594234e-01
1.804427368164e+03 4.421620368958e-01
1.818007568359e+03 4.421816766262e-01
1.831587768555e+03 4.417481720448e-01
1.845167968750e+03 4.414975941181e-01
1.858748168945e+03 4.411716759205e-01
1.872328369141e+03 4.400555789471e-01
1.885908569336e+03 4.388106465340e-01
1.899488769531e+03 4.382358789444e-01
1.913068969727e+03 4.374271035194e-01
1.926649169922e+03 4.357039928436e-01
1.940229370117e+03 4.330545961857e-01
1.953809570312e+03 4.288714230061e-01
1.967389770508e+03 4.244846999645e-01
1.980969970703e+03 4.217819571495e-01
1.994550170898e+03 4.205392003059e-01
2.008130371094e+03 4.193590283394e-01
2.021710571289e+03 4.188375771046e-01
2.035290771484e+03 4.199773073196e-01
2.048870849609e+03 4.214109182358e-01
2.062451171875e+03 4.236342310905e-01
2.076031250000e+03 4.258566796780e-01
2.089611572266e+03 4.281673133373e-01
2.103191650391e+03 4.314577579498e-01
2.116771972656e+03 4.342331588268e-01
2.130352050781e+03 4.363743960857e-01
2.143932373047e+03 4.376977086067e-01
2.157512451172e+03 4.380590617657e-01
2.171092773438e+03 4.388404488564e-01
2.184672851562e+03 4.403373003006e-01
2.198253173828e+03 4.418010115623e-01
2.211833251953e+03 4.420129954815e-01
2.225413574219e+03 4.422749876976e-01
2.238993652344e+03 4.428524971008e-01
2.252573974609e+03 4.429190754890e-01
2.266154052734e+03 4.431505203247e-01
2.279734375000e+03 4.419411718845e-01
