#title: Spectral profile - NGC_1052_comb_SPW3.image.pbcor-raster
#region (world): Point[[02:41:04.798, -08d15m20.751]]
#region (pixel): Point[[256, 256]]
#coordinate: world
#xLabel: frequency [GHz]
#yLabel: [Jy/beam] Mean

# NGC_1052_comb_SPW3.image.pbcor-raster
3.560494079590e+02 4.412848055363e-01
3.560650329590e+02 4.394111037254e-01
3.560806579590e+02 4.390113055706e-01
3.560962829590e+02 4.380731284618e-01
3.561119079590e+02 4.367418289185e-01
3.561275329590e+02 4.350727498531e-01
3.561431579590e+02 4.344182014465e-01
3.561587829590e+02 4.335259497166e-01
3.561744079590e+02 4.335578680038e-01
3.561900329590e+02 4.344314634800e-01
3.562056579590e+02 4.353557229042e-01
3.562212829590e+02 4.365934431553e-01
3.562369079590e+02 4.370355308056e-01
3.562525329590e+02 4.372369050980e-01
3.562681579590e+02 4.383779764175e-01
3.562837829590e+02 4.398802816868e-01
3.562994079590e+02 4.407174885273e-01
3.563150329590e+02 4.402775466442e-01
3.563306274414e+02 4.393843412399e-01
3.563462524414e+02 4.386841356754e-01
3.563618774414e+02 4.382854104042e-01
3.563775024414e+02 4.373493194580e-01
3.563931274414e+02 4.359084367752e-01
3.564087524414e+02 4.351928234100e-01
3.564243774414e+02 4.351835250854e-01
3.564400024414e+02 4.340779483318e-01
3.564556274414e+02 4.320883750916e-01
3.564712524414e+02 4.313658773899e-01
3.564868774414e+02 4.319381117821e-01
3.565025024414e+02 4.335368871689e-01
3.565181274414e+02 4.361928701401e-01
3.565337524414e+02 4.392544329166e-01
3.565493774414e+02 4.411239326000e-01
3.565650024414e+02 4.419913291931e-01
3.565806274414e+02 4.428893029690e-01
3.565962524414e+02 4.433309733868e-01
3.566118774414e+02 4.434149265289e-01
3.566275024414e+02 4.434870779514e-01
3.566431274414e+02 4.436204731464e-01
3.566587524414e+02 4.438958764076e-01
3.566743774414e+02 4.446631968021e-01
3.566900024414e+02 4.455229938030e-01
3.567056274414e+02 4.455440044403e-01
3.567212524414e+02 4.454900324345e-01
3.567368774414e+02 4.451227486134e-01
3.567525024414e+02 4.444436728954e-01
3.567681274414e+02 4.443904459476e-01
3.567837524414e+02 4.451553225517e-01
3.567993774414e+02 4.457209408283e-01
3.568150024414e+02 4.451654851437e-01
3.568306274414e+02 4.446773529053e-01
3.568462524414e+02 4.446118474007e-01
3.568618774414e+02 4.442989528179e-01
3.568775024414e+02 4.442466497421e-01
3.568931274414e+02 4.453155398369e-01
3.569087524414e+02 4.456263482571e-01
3.569243774414e+02 4.452150166035e-01
3.569400024414e+02 4.456932246685e-01
3.569555969238e+02 4.453359842300e-01
3.569712219238e+02 4.453164041042e-01
3.569868469238e+02 4.459065496922e-01
3.570024719238e+02 4.458160102367e-01
3.570180969238e+02 4.458760619164e-01
3.570337219238e+02 4.463070631027e-01
3.570493469238e+02 4.466096460819e-01
3.570649719238e+02 4.462257027626e-01
3.570805969238e+02 4.452778398991e-01
3.570962219238e+02 4.449105560780e-01
3.571118469238e+02 4.455741941929e-01
3.571274719238e+02 4.458990693092e-01
3.571430969238e+02 4.457153379917e-01
3.571587219238e+02 4.447104632854e-01
3.571743469238e+02 4.429934322834e-01
3.571899719238e+02 4.424090385437e-01
3.572055969238e+02 4.426985979080e-01
3.572212219238e+02 4.429793953896e-01
3.572368469238e+02 4.434235990047e-01
3.572524719238e+02 4.439336061478e-01
3.572680969238e+02 4.438652396202e-01
3.572837219238e+02 4.433466494083e-01
3.572993469238e+02 4.432639777660e-01
3.573149719238e+02 4.423825442791e-01
3.573305969238e+02 4.410293996334e-01
3.573462219238e+02 4.404710829258e-01
3.573618469238e+02 4.395697712898e-01
3.573774719238e+02 4.392527341843e-01
3.573930969238e+02 4.399071633816e-01
3.574087219238e+02 4.405877590179e-01
3.574243469238e+02 4.408015608788e-01
3.574399719238e+02 4.411592185497e-01
3.574555969238e+02 4.422778487206e-01
3.574712219238e+02 4.428245127201e-01
3.574868469238e+02 4.428215622902e-01
3.575024719238e+02 4.434640109539e-01
3.575180969238e+02 4.447090923786e-01
3.575337219238e+02 4.447700679302e-01
3.575493469238e+02 4.445739686489e-01
3.575649719238e+02 4.455749690533e-01
3.575805969238e+02 4.473282694817e-01
3.575961914062e+02 4.493632316589e-01
3.576118164062e+02 4.496367275715e-01
3.576274414062e+02 4.464246034622e-01
3.576430664062e+02 4.445745944977e-01
3.576586914062e+02 4.460607469082e-01
3.576743164062e+02 4.460595846176e-01
3.576899414062e+02 4.448130130768e-01
3.577055664062e+02 4.449678957462e-01
3.577211914062e+02 4.452922344208e-01
3.577368164062e+02 4.448398947716e-01
3.577524414062e+02 4.442210495472e-01
3.577680664062e+02 4.441833496094e-01
3.577836914062e+02 4.446641802788e-01
3.577993164062e+02 4.442017674446e-01
3.578149414062e+02 4.436830580235e-01
3.578305664062e+02 4.440023303032e-01
3.578461914062e+02 4.429877996445e-01
3.578618164062e+02 4.418224990368e-01
3.578774414062e+02 4.422544538975e-01
3.578930664062e+02 4.421186149120e-01
3.579086914062e+02 4.414907097816e-01
3.579243164062e+02 4.415769875050e-01
3.579399414062e+02 4.424138963223e-01
