#title: Spectral profile - NGC_1052_comb_SPW0.image.pbcor-raster <2>
#region (world): Point[[02:41:04.798, -08d15m20.751]]
#region (pixel): Point[[256, 256]]
#coordinate: world
#xLabel: frequency [GHz]
#yLabel: [Jy/beam] Mean

# NGC_1052_comb_SPW0.image.pbcor-raster
3.450593872070e+02 4.415039718151e-01
3.450437622070e+02 4.411053359509e-01
3.450281372070e+02 4.415971338749e-01
3.450125122070e+02 4.397701025009e-01
3.449968872070e+02 4.377943277359e-01
3.449812622070e+02 4.364499151707e-01
3.449656372070e+02 4.351218640804e-01
3.449500122070e+02 4.335580766201e-01
3.449343872070e+02 4.332582652569e-01
3.449187622070e+02 4.326942265034e-01
3.449031372070e+02 4.304917454720e-01
3.448875122070e+02 4.279979169369e-01
3.448718872070e+02 4.254032969475e-01
3.448562622070e+02 4.218035042286e-01
3.448406372070e+02 4.188113212585e-01
3.448250122070e+02 4.176267385483e-01
3.448093872070e+02 4.183041751385e-01
3.447937622070e+02 4.202672243118e-01
3.447781372070e+02 4.219384491444e-01
3.447625122070e+02 4.241022765636e-01
3.447468872070e+02 4.267807006836e-01
3.447312622070e+02 4.291036427021e-01
3.447156372070e+02 4.322865307331e-01
3.447000122070e+02 4.351356923580e-01
3.446843872070e+02 4.362758994102e-01
3.446687622070e+02 4.375424385071e-01
3.446531372070e+02 4.390480816364e-01
3.446375122070e+02 4.397524595261e-01
3.446218872070e+02 4.396808445454e-01
3.446062622070e+02 4.398745000362e-01
3.445906372070e+02 4.409142136574e-01
3.445750122070e+02 4.408991634846e-01
3.445593872070e+02 4.401642084122e-01
3.445437622070e+02 4.404061436653e-01
3.445281372070e+02 4.407302141190e-01
3.445125122070e+02 4.406039416790e-01
3.444968872070e+02 4.407531619072e-01
3.444812622070e+02 4.414445757866e-01
3.444656372070e+02 4.420585632324e-01
3.444500122070e+02 4.417848289013e-01
3.444343872070e+02 4.411673247814e-01
3.444187927246e+02 4.413602054119e-01
3.444031677246e+02 4.418190419674e-01
3.443875427246e+02 4.419900476933e-01
3.443719177246e+02 4.423661231995e-01
3.443562927246e+02 4.424723684788e-01
3.443406677246e+02 4.419495761395e-01
3.443250427246e+02 4.415057599545e-01
3.443094177246e+02 4.409682452679e-01
3.442937927246e+02 4.401548802853e-01
3.442781677246e+02 4.394411146641e-01
3.442625427246e+02 4.389793872833e-01
3.442469177246e+02 4.377773404121e-01
3.442312927246e+02 4.360415935516e-01
3.442156677246e+02 4.342515170574e-01
3.442000427246e+02 4.308663308620e-01
3.441844177246e+02 4.264664053917e-01
3.441687927246e+02 4.210083484650e-01
3.441531677246e+02 4.133394956589e-01
3.441375427246e+02 4.049829542637e-01
3.441219177246e+02 3.975298702717e-01
3.441062927246e+02 3.921194672585e-01
3.440906677246e+02 3.895382881165e-01
3.440750427246e+02 3.891596198082e-01
3.440594177246e+02 3.913256824017e-01
3.440437927246e+02 3.962201476097e-01
3.440281677246e+02 4.016898572445e-01
3.440125427246e+02 4.062459170818e-01
3.439969177246e+02 4.112236201763e-01
3.439812927246e+02 4.169808030128e-01
3.439656677246e+02 4.222208857536e-01
3.439500427246e+02 4.265826642513e-01
3.439344177246e+02 4.299252331257e-01
3.439187927246e+02 4.322972595692e-01
3.439031677246e+02 4.335235059261e-01
3.438875427246e+02 4.341098368168e-01
3.438719177246e+02 4.354555010796e-01
3.438562927246e+02 4.374346435070e-01
3.438406677246e+02 4.386869668961e-01
3.438250427246e+02 4.391289651394e-01
3.438094177246e+02 4.390323162079e-01
3.437938232422e+02 4.385674297810e-01
3.437781982422e+02 4.376416802406e-01
3.437625732422e+02 4.371588826180e-01
3.437469482422e+02 4.370051622391e-01
3.437313232422e+02 4.354216158390e-01
3.437156982422e+02 4.328294694424e-01
3.437000732422e+02 4.297513961792e-01
3.436844482422e+02 4.258313477039e-01
3.436688232422e+02 4.220238626003e-01
3.436531982422e+02 4.190714955330e-01
3.436375732422e+02 4.170234799385e-01
3.436219482422e+02 4.167803823948e-01
3.436063232422e+02 4.180914461613e-01
3.435906982422e+02 4.200546741486e-01
3.435750732422e+02 4.225471317768e-01
3.435594482422e+02 4.252937138081e-01
3.435438232422e+02 4.277268350124e-01
3.435281982422e+02 4.302417635918e-01
3.435125732422e+02 4.334786236286e-01
3.434969482422e+02 4.362486600876e-01
3.434813232422e+02 4.382283687592e-01
3.434656982422e+02 4.393640160561e-01
3.434500732422e+02 4.396902322769e-01
3.434344482422e+02 4.400344789028e-01
3.434188232422e+02 4.403843879700e-01
3.434031982422e+02 4.414418935776e-01
3.433875732422e+02 4.432661533356e-01
3.433719482422e+02 4.441799819469e-01
3.433563232422e+02 4.447854757309e-01
3.433406982422e+02 4.456298351288e-01
3.433250732422e+02 4.455617666245e-01
3.433094482422e+02 4.450157284737e-01
3.432938232422e+02 4.449914395809e-01
3.432781982422e+02 4.453821480274e-01
3.432625732422e+02 4.455667138100e-01
3.432469482422e+02 4.458612799644e-01
3.432313232422e+02 4.462901651859e-01
3.432156982422e+02 4.459175169468e-01
3.432000732422e+02 4.455834627151e-01
3.431844482422e+02 4.459519684315e-01
3.431688537598e+02 4.453544914722e-01
