#title: Spectral profile - NGC_1052_comb_SPW2.image.pbcor-raster <2>
#region (world): Point[[02:41:04.798, -08d15m20.751]]
#region (pixel): Point[[256, 256]]
#coordinate: world
#xLabel: frequency [GHz]
#yLabel: [Jy/beam] Mean

# NGC_1052_comb_SPW2.image.pbcor-raster
3.540538940430e+02 4.455631673336e-01
3.540695190430e+02 4.452595114708e-01
3.540851440430e+02 4.472084343433e-01
3.541007690430e+02 4.472336173058e-01
3.541163940430e+02 4.471141695976e-01
3.541320190430e+02 4.462688267231e-01
3.541476440430e+02 4.461602568626e-01
3.541632690430e+02 4.459626972675e-01
3.541788940430e+02 4.449395537376e-01
3.541945190430e+02 4.435761868954e-01
3.542101440430e+02 4.430210590363e-01
3.542257690430e+02 4.426939785480e-01
3.542413940430e+02 4.424450993538e-01
3.542570190430e+02 4.416534006596e-01
3.542726135254e+02 4.402956962585e-01
3.542882385254e+02 4.386475980282e-01
3.543038635254e+02 4.379923045635e-01
3.543194885254e+02 4.380315840244e-01
3.543351135254e+02 4.371758997440e-01
3.543507385254e+02 4.349203407764e-01
3.543663635254e+02 4.316887855530e-01
3.543819885254e+02 4.286394417286e-01
3.543976135254e+02 4.254849851131e-01
3.544132385254e+02 4.216155409813e-01
3.544288635254e+02 4.179660975933e-01
3.544444885254e+02 4.154841899872e-01
3.544601135254e+02 4.136124551296e-01
3.544757385254e+02 4.118577539921e-01
3.544913635254e+02 4.109365344048e-01
3.545069885254e+02 4.122133553028e-01
3.545226135254e+02 4.156563282013e-01
3.545382385254e+02 4.195849001408e-01
3.545538635254e+02 4.234541356564e-01
3.545694885254e+02 4.270412027836e-01
3.545851135254e+02 4.302348494530e-01
3.546007385254e+02 4.327479898930e-01
3.546163635254e+02 4.347934424877e-01
3.546319885254e+02 4.361516237259e-01
3.546476135254e+02 4.360755085945e-01
3.546632385254e+02 4.357184171677e-01
3.546788635254e+02 4.361863136292e-01
3.546944885254e+02 4.360515475273e-01
3.547101135254e+02 4.352782964706e-01
3.547257385254e+02 4.345834255219e-01
3.547413635254e+02 4.334417283535e-01
3.547569885254e+02 4.320306181908e-01
3.547726135254e+02 4.305547773838e-01
3.547882385254e+02 4.283109009266e-01
3.548038635254e+02 4.266434907913e-01
3.548194885254e+02 4.266858398914e-01
3.548351135254e+02 4.262268543243e-01
3.548507385254e+02 4.243621826172e-01
3.548663635254e+02 4.207728207111e-01
3.548819885254e+02 4.163618683815e-01
3.548975830078e+02 4.132007658482e-01
3.549132080078e+02 4.102876484394e-01
3.549288330078e+02 4.065482616425e-01
3.549444580078e+02 4.031212627888e-01
3.549600830078e+02 4.012054204941e-01
3.549757080078e+02 4.013843834400e-01
3.549913330078e+02 4.038008451462e-01
3.550069580078e+02 4.085826277733e-01
3.550225830078e+02 4.155265092850e-01
3.550382080078e+02 4.228395521641e-01
3.550538330078e+02 4.291414022446e-01
3.550694580078e+02 4.340875148773e-01
3.550850830078e+02 4.375741481781e-01
3.551007080078e+02 4.398906826973e-01
3.551163330078e+02 4.409731626511e-01
3.551319580078e+02 4.419720172882e-01
3.551475830078e+02 4.430146217346e-01
3.551632080078e+02 4.431755244732e-01
3.551788330078e+02 4.433679282665e-01
3.551944580078e+02 4.433433115482e-01
3.552100830078e+02 4.431687295437e-01
3.552257080078e+02 4.437328875065e-01
3.552413330078e+02 4.441274106503e-01
3.552569580078e+02 4.432699084282e-01
3.552725830078e+02 4.422357380390e-01
3.552882080078e+02 4.423671066761e-01
3.553038330078e+02 4.423806667328e-01
3.553194580078e+02 4.412067830563e-01
3.553350830078e+02 4.398439824581e-01
3.553507080078e+02 4.389654099941e-01
3.553663330078e+02 4.382363259792e-01
3.553819580078e+02 4.377218484879e-01
3.553975830078e+02 4.378468990326e-01
3.554132080078e+02 4.382577836514e-01
3.554288330078e+02 4.387597739697e-01
3.554444580078e+02 4.396203756332e-01
3.554600830078e+02 4.404531121254e-01
3.554757080078e+02 4.408349990845e-01
3.554913330078e+02 4.412339031696e-01
3.555069580078e+02 4.419721961021e-01
3.555225830078e+02 4.422211349010e-01
3.555381774902e+02 4.418581128120e-01
3.555538024902e+02 4.418628215790e-01
3.555694274902e+02 4.419734179974e-01
3.555850524902e+02 4.418583214283e-01
3.556006774902e+02 4.422934651375e-01
3.556163024902e+02 4.419960677624e-01
3.556319274902e+02 4.411954283714e-01
3.556475524902e+02 4.420085847378e-01
3.556631774902e+02 4.434408843517e-01
3.556788024902e+02 4.437634348869e-01
3.556944274902e+02 4.433881938457e-01
3.557100524902e+02 4.433328509331e-01
3.557256774902e+02 4.434860050678e-01
3.557413024902e+02 4.435724020004e-01
3.557569274902e+02 4.431189894676e-01
3.557725524902e+02 4.413674175739e-01
3.557881774902e+02 4.403282105923e-01
3.558038024902e+02 4.401366114616e-01
3.558194274902e+02 4.391978085041e-01
3.558350524902e+02 4.384371638298e-01
3.558506774902e+02 4.386956095695e-01
3.558663024902e+02 4.394810497761e-01
3.558819274902e+02 4.403936266899e-01
3.558975524902e+02 4.415823221207e-01
3.559131774902e+02 4.421839714050e-01
3.559288024902e+02 4.426185488701e-01
3.559444274902e+02 4.435667991638e-01
