#title: Spectral profile - NGC_1052_comb_SPW1.image.pbcor-raster <2>
#region (world): Point[[02:41:04.798, -08d15m20.751]]
#region (pixel): Point[[256, 256]]
#coordinate: world
#xLabel: frequency [GHz]
#yLabel: [Jy/beam] Mean

# NGC_1052_comb_SPW1.image.pbcor-raster
3.441838989258e+02 4.238218963146e-01
3.441682739258e+02 4.171301722527e-01
3.441526489258e+02 4.098004400730e-01
3.441370239258e+02 4.014505743980e-01
3.441213989258e+02 3.938132226467e-01
3.441057739258e+02 3.879266679287e-01
3.440901489258e+02 3.855955898762e-01
3.440745239258e+02 3.856553137302e-01
3.440588989258e+02 3.879462480545e-01
3.440433044434e+02 3.927776515484e-01
3.440276794434e+02 3.983599245548e-01
3.440120544434e+02 4.029903113842e-01
3.439964294434e+02 4.081572890282e-01
3.439808044434e+02 4.137780070305e-01
3.439651794434e+02 4.187285602093e-01
3.439495544434e+02 4.225910604000e-01
3.439339294434e+02 4.255510866642e-01
3.439183044434e+02 4.281780123711e-01
3.439026794434e+02 4.296388626099e-01
3.438870544434e+02 4.299991726875e-01
3.438714294434e+02 4.313085973263e-01
3.438558044434e+02 4.332334697247e-01
3.438401794434e+02 4.346567094326e-01
3.438245544434e+02 4.351192712784e-01
3.438089294434e+02 4.349298179150e-01
3.437933044434e+02 4.346317946911e-01
3.437776794434e+02 4.339289069176e-01
3.437620544434e+02 4.332458972931e-01
3.437464294434e+02 4.329599440098e-01
3.437308044434e+02 4.318972527981e-01
3.437151794434e+02 4.293810427189e-01
3.436995544434e+02 4.260810911655e-01
3.436839294434e+02 4.223133921623e-01
3.436683044434e+02 4.188168048859e-01
3.436526794434e+02 4.160514771938e-01
3.436370544434e+02 4.144461154938e-01
3.436214294434e+02 4.144711792469e-01
3.436058044434e+02 4.155785441399e-01
3.435901794434e+02 4.173953533173e-01
3.435745544434e+02 4.204037785530e-01
3.435589294434e+02 4.232414066792e-01
3.435433044434e+02 4.250746071339e-01
3.435276794434e+02 4.277231097221e-01
3.435120544434e+02 4.310995638371e-01
3.434964294434e+02 4.335419833660e-01
3.434808044434e+02 4.354324042797e-01
3.434651794434e+02 4.368611276150e-01
3.434495544434e+02 4.378427267075e-01
3.434339294434e+02 4.386458694935e-01
3.434183349609e+02 4.390492737293e-01
3.434027099609e+02 4.398288130760e-01
3.433870849609e+02 4.410063624382e-01
3.433714599609e+02 4.414725899696e-01
3.433558349609e+02 4.418531358242e-01
3.433402099609e+02 4.426803886890e-01
3.433245849609e+02 4.426327049732e-01
3.433089599609e+02 4.418493509293e-01
3.432933349609e+02 4.416710138321e-01
3.432777099609e+02 4.422709345818e-01
3.432620849609e+02 4.428102076054e-01
3.432464599609e+02 4.429908990860e-01
3.432308349609e+02 4.432752430439e-01
3.432152099609e+02 4.425975084305e-01
3.431995849609e+02 4.420667886734e-01
3.431839599609e+02 4.422552883625e-01
3.431683349609e+02 4.422686398029e-01
3.431527099609e+02 4.425680041313e-01
3.431370849609e+02 4.426557719707e-01
3.431214599609e+02 4.425192773342e-01
3.431058349609e+02 4.426371455193e-01
3.430902099609e+02 4.432872533798e-01
3.430745849609e+02 4.443189203739e-01
3.430589599609e+02 4.439900517464e-01
3.430433349609e+02 4.428992569447e-01
3.430277099609e+02 4.429244101048e-01
3.430120849609e+02 4.435798525810e-01
3.429964599609e+02 4.441708326340e-01
3.429808349609e+02 4.436008036137e-01
3.429652099609e+02 4.423120319843e-01
3.429495849609e+02 4.417034983635e-01
3.429339599609e+02 4.415951967239e-01
3.429183349609e+02 4.415201544762e-01
3.429027099609e+02 4.412223100662e-01
3.428870849609e+02 4.410154521465e-01
3.428714599609e+02 4.408155381680e-01
3.428558349609e+02 4.412525594234e-01
3.428402099609e+02 4.421620368958e-01
3.428245849609e+02 4.421816766262e-01
3.428089599609e+02 4.417481720448e-01
3.427933654785e+02 4.414975941181e-01
3.427777404785e+02 4.411716759205e-01
3.427621154785e+02 4.400555789471e-01
3.427464904785e+02 4.388106465340e-01
3.427308654785e+02 4.382358789444e-01
3.427152404785e+02 4.374271035194e-01
3.426996154785e+02 4.357039928436e-01
3.426839904785e+02 4.330545961857e-01
3.426683654785e+02 4.288714230061e-01
3.426527404785e+02 4.244846999645e-01
3.426371154785e+02 4.217819571495e-01
3.426214904785e+02 4.205392003059e-01
3.426058654785e+02 4.193590283394e-01
3.425902404785e+02 4.188375771046e-01
3.425746154785e+02 4.199773073196e-01
3.425589904785e+02 4.214109182358e-01
3.425433654785e+02 4.236342310905e-01
3.425277404785e+02 4.258566796780e-01
3.425121154785e+02 4.281673133373e-01
3.424964904785e+02 4.314577579498e-01
3.424808654785e+02 4.342331588268e-01
3.424652404785e+02 4.363743960857e-01
3.424496154785e+02 4.376977086067e-01
3.424339904785e+02 4.380590617657e-01
3.424183654785e+02 4.388404488564e-01
3.424027404785e+02 4.403373003006e-01
3.423871154785e+02 4.418010115623e-01
3.423714904785e+02 4.420129954815e-01
3.423558654785e+02 4.422749876976e-01
3.423402404785e+02 4.428524971008e-01
3.423246154785e+02 4.429190754890e-01
3.423089904785e+02 4.431505203247e-01
3.422933654785e+02 4.419411718845e-01
