#title: Spectral profile - NGC_1052_comb_SPW2.image.pbcor-raster <2>
#region (world): Point[[02:41:04.798, -08d15m20.751]]
#region (pixel): Point[[256, 256]]
#coordinate: world
#xLabel: radio velocity [km/s]
#yLabel: [Jy/beam] Mean
# restfreq='356.734223GHz' HCO+ J=4-3 v=0

# NGC_1052_comb_SPW2.image.pbcor-raster
2.252500244141e+03 4.455631673336e-01
2.239369873047e+03 4.452595114708e-01
2.226239501953e+03 4.472084343433e-01
2.213109130859e+03 4.472336173058e-01
2.199979003906e+03 4.471141695976e-01
2.186848632812e+03 4.462688267231e-01
2.173718261719e+03 4.461602568626e-01
2.160587890625e+03 4.459626972675e-01
2.147457763672e+03 4.449395537376e-01
2.134327392578e+03 4.435761868954e-01
2.121197021484e+03 4.430210590363e-01
2.108066650391e+03 4.426939785480e-01
2.094936523438e+03 4.424450993538e-01
2.081806152344e+03 4.416534006596e-01
2.068675781250e+03 4.402956962585e-01
2.055545410156e+03 4.386475980282e-01
2.042415161133e+03 4.379923045635e-01
2.029284912109e+03 4.380315840244e-01
2.016154663086e+03 4.371758997440e-01
2.003024291992e+03 4.349203407764e-01
1.989894042969e+03 4.316887855530e-01
1.976763671875e+03 4.286394417286e-01
1.963633422852e+03 4.254849851131e-01
1.950503051758e+03 4.216155409813e-01
1.937372802734e+03 4.179660975933e-01
1.924242431641e+03 4.154841899872e-01
1.911112182617e+03 4.136124551296e-01
1.897981811523e+03 4.118577539921e-01
1.884851562500e+03 4.109365344048e-01
1.871721191406e+03 4.122133553028e-01
1.858590942383e+03 4.156563282013e-01
1.845460571289e+03 4.195849001408e-01
1.832330322266e+03 4.234541356564e-01
1.819199951172e+03 4.270412027836e-01
1.806069702148e+03 4.302348494530e-01
1.792939331055e+03 4.327479898930e-01
1.779809082031e+03 4.347934424877e-01
1.766678710938e+03 4.361516237259e-01
1.753548461914e+03 4.360755085945e-01
1.740418090820e+03 4.357184171677e-01
1.727287841797e+03 4.361863136292e-01
1.714157470703e+03 4.360515475273e-01
1.701027221680e+03 4.352782964706e-01
1.687896850586e+03 4.345834255219e-01
1.674766601562e+03 4.334417283535e-01
1.661636352539e+03 4.320306181908e-01
1.648505981445e+03 4.305547773838e-01
1.635375732422e+03 4.283109009266e-01
1.622245361328e+03 4.266434907913e-01
1.609115112305e+03 4.266858398914e-01
1.595984741211e+03 4.262268543243e-01
1.582854492188e+03 4.243621826172e-01
1.569724121094e+03 4.207728207111e-01
1.556593872070e+03 4.163618683815e-01
1.543463500977e+03 4.132007658482e-01
1.530333251953e+03 4.102876484394e-01
1.517202880859e+03 4.065482616425e-01
1.504072631836e+03 4.031212627888e-01
1.490942260742e+03 4.012054204941e-01
1.477812011719e+03 4.013843834400e-01
1.464681640625e+03 4.038008451462e-01
1.451551391602e+03 4.085826277733e-01
1.438421020508e+03 4.155265092850e-01
1.425290771484e+03 4.228395521641e-01
1.412160400391e+03 4.291414022446e-01
1.399030151367e+03 4.340875148773e-01
1.385899780273e+03 4.375741481781e-01
1.372769531250e+03 4.398906826973e-01
1.359639160156e+03 4.409731626511e-01
1.346508911133e+03 4.419720172882e-01
1.333378540039e+03 4.430146217346e-01
1.320248291016e+03 4.431755244732e-01
1.307118041992e+03 4.433679282665e-01
1.293987670898e+03 4.433433115482e-01
1.280857421875e+03 4.431687295437e-01
1.267727050781e+03 4.437328875065e-01
1.254596801758e+03 4.441274106503e-01
1.241466430664e+03 4.432699084282e-01
1.228336181641e+03 4.422357380390e-01
1.215205810547e+03 4.423671066761e-01
1.202075561523e+03 4.423806667328e-01
1.188945190430e+03 4.412067830563e-01
1.175814941406e+03 4.398439824581e-01
1.162684570312e+03 4.389654099941e-01
1.149554321289e+03 4.382363259792e-01
1.136423950195e+03 4.377218484879e-01
1.123293701172e+03 4.378468990326e-01
1.110163330078e+03 4.382577836514e-01
1.097033081055e+03 4.387597739697e-01
1.083902709961e+03 4.396203756332e-01
1.070772460938e+03 4.404531121254e-01
1.057642089844e+03 4.408349990845e-01
1.044511840820e+03 4.412339031696e-01
1.031381469727e+03 4.419721961021e-01
1.018251220703e+03 4.422211349010e-01
1.005120910645e+03 4.418581128120e-01
9.919906005859e+02 4.418628215790e-01
9.788602905273e+02 4.419734179974e-01
9.657299804688e+02 4.418583214283e-01
9.525996704102e+02 4.422934651375e-01
9.394693603516e+02 4.419960677624e-01
9.263390502930e+02 4.411954283714e-01
9.132087402344e+02 4.420085847378e-01
9.000784301758e+02 4.434408843517e-01
8.869481201172e+02 4.437634348869e-01
8.738178100586e+02 4.433881938457e-01
8.606875000000e+02 4.433328509331e-01
8.475571899414e+02 4.434860050678e-01
8.344268798828e+02 4.435724020004e-01
8.212965698242e+02 4.431189894676e-01
8.081662597656e+02 4.413674175739e-01
7.950359497070e+02 4.403282105923e-01
7.819057006836e+02 4.401366114616e-01
7.687753906250e+02 4.391978085041e-01
7.556450805664e+02 4.384371638298e-01
7.425147705078e+02 4.386956095695e-01
7.293844604492e+02 4.394810497761e-01
7.162541503906e+02 4.403936266899e-01
7.031238403320e+02 4.415823221207e-01
6.899935302734e+02 4.421839714050e-01
6.768632202148e+02 4.426185488701e-01
6.637329101562e+02 4.435667991638e-01
