#title: Spectral profile - NGC_1052_comb_SPW3.image.pbcor-raster
#region (world): Point[[02:41:04.798, -08d15m20.751]]
#region (pixel): Point[[256, 256]]
#coordinate: world
#xLabel: radio velocity [km/s]
#yLabel: [Jy/beam] Mean
# restfreq='357.921987GHz' HOC+ J=4-3 

# NGC_1052_comb_SPW3.image.pbcor-raster
1.568458129883e+03 4.412848055363e-01
1.555371459961e+03 4.394111037254e-01
1.542284667969e+03 4.390113055706e-01
1.529197998047e+03 4.380731284618e-01
1.516111206055e+03 4.367418289185e-01
1.503024536133e+03 4.350727498531e-01
1.489937744141e+03 4.344182014465e-01
1.476851074219e+03 4.335259497166e-01
1.463764282227e+03 4.335578680038e-01
1.450677612305e+03 4.344314634800e-01
1.437590820312e+03 4.353557229042e-01
1.424504028320e+03 4.365934431553e-01
1.411417358398e+03 4.370355308056e-01
1.398330566406e+03 4.372369050980e-01
1.385243896484e+03 4.383779764175e-01
1.372157104492e+03 4.398802816868e-01
1.359070434570e+03 4.407174885273e-01
1.345983642578e+03 4.402775466442e-01
1.332896972656e+03 4.393843412399e-01
1.319810180664e+03 4.386841356754e-01
1.306723510742e+03 4.382854104042e-01
1.293636718750e+03 4.373493194580e-01
1.280550048828e+03 4.359084367752e-01
1.267463256836e+03 4.351928234100e-01
1.254376586914e+03 4.351835250854e-01
1.241289794922e+03 4.340779483318e-01
1.228203002930e+03 4.320883750916e-01
1.215116333008e+03 4.313658773899e-01
1.202029541016e+03 4.319381117821e-01
1.188942871094e+03 4.335368871689e-01
1.175856079102e+03 4.361928701401e-01
1.162769409180e+03 4.392544329166e-01
1.149682617188e+03 4.411239326000e-01
1.136595947266e+03 4.419913291931e-01
1.123509155273e+03 4.428893029690e-01
1.110422485352e+03 4.433309733868e-01
1.097335693359e+03 4.434149265289e-01
1.084249023438e+03 4.434870779514e-01
1.071162231445e+03 4.436204731464e-01
1.058075561523e+03 4.438958764076e-01
1.044988769531e+03 4.446631968021e-01
1.031901977539e+03 4.455229938030e-01
1.018815307617e+03 4.455440044403e-01
1.005728576660e+03 4.454900324345e-01
9.926418457031e+02 4.451227486134e-01
9.795551147461e+02 4.444436728954e-01
9.664683837891e+02 4.443904459476e-01
9.533816528320e+02 4.451553225517e-01
9.402949218750e+02 4.457209408283e-01
9.272081298828e+02 4.451654851437e-01
9.141213989258e+02 4.446773529053e-01
9.010346679688e+02 4.446118474007e-01
8.879479370117e+02 4.442989528179e-01
8.748612060547e+02 4.442466497421e-01
8.617744750977e+02 4.453155398369e-01
8.486877441406e+02 4.456263482571e-01
8.356010131836e+02 4.452150166035e-01
8.225142822266e+02 4.456932246685e-01
8.094275512695e+02 4.453359842300e-01
7.963408203125e+02 4.453164041042e-01
7.832540893555e+02 4.459065496922e-01
7.701673583984e+02 4.458160102367e-01
7.570806274414e+02 4.458760619164e-01
7.439938964844e+02 4.463070631027e-01
7.309071655273e+02 4.466096460819e-01
7.178203735352e+02 4.462257027626e-01
7.047336425781e+02 4.452778398991e-01
6.916469116211e+02 4.449105560780e-01
6.785601806641e+02 4.455741941929e-01
6.654734497070e+02 4.458990693092e-01
6.523867187500e+02 4.457153379917e-01
6.392999877930e+02 4.447104632854e-01
6.262132568359e+02 4.429934322834e-01
6.131265258789e+02 4.424090385437e-01
6.000397949219e+02 4.426985979080e-01
5.869530639648e+02 4.429793953896e-01
5.738663330078e+02 4.434235990047e-01
5.607796020508e+02 4.439336061478e-01
5.476928710938e+02 4.438652396202e-01
5.346061401367e+02 4.433466494083e-01
5.215193481445e+02 4.432639777660e-01
5.084326477051e+02 4.423825442791e-01
4.953459167480e+02 4.410293996334e-01
4.822591857910e+02 4.404710829258e-01
4.691724243164e+02 4.395697712898e-01
4.560856933594e+02 4.392527341843e-01
4.429989624023e+02 4.399071633816e-01
4.299122314453e+02 4.405877590179e-01
4.168255004883e+02 4.408015608788e-01
4.037387695312e+02 4.411592185497e-01
3.906520385742e+02 4.422778487206e-01
3.775653076172e+02 4.428245127201e-01
3.644785461426e+02 4.428215622902e-01
3.513918151855e+02 4.434640109539e-01
3.383050842285e+02 4.447090923786e-01
3.252183532715e+02 4.447700679302e-01
3.121316223145e+02 4.445739686489e-01
2.990448913574e+02 4.455749690533e-01
2.859581604004e+02 4.473282694817e-01
2.728714294434e+02 4.493632316589e-01
2.597846679688e+02 4.496367275715e-01
2.466979522705e+02 4.464246034622e-01
2.336112060547e+02 4.445745944977e-01
2.205244750977e+02 4.460607469082e-01
2.074377441406e+02 4.460595846176e-01
1.943510131836e+02 4.448130130768e-01
1.812642669678e+02 4.449678957462e-01
1.681775360107e+02 4.452922344208e-01
1.550908050537e+02 4.448398947716e-01
1.420040588379e+02 4.442210495472e-01
1.289173278809e+02 4.441833496094e-01
1.158305969238e+02 4.446641802788e-01
1.027438583374e+02 4.442017674446e-01
8.965712738037e+01 4.436830580235e-01
7.657038879395e+01 4.440023303032e-01
6.348365783691e+01 4.429877996445e-01
5.039692306519e+01 4.418224990368e-01
3.731018829346e+01 4.422544538975e-01
2.422345161438e+01 4.421186149120e-01
1.113671684265e+01 4.414907097816e-01
-1.950017571449e+00 4.415769875050e-01
-1.503675270081e+01 4.424138963223e-01
