#title: Spectral profile - NGC_1052_comb_SPW0.image.pbcor-raster <2>
#region (world): Point[[02:41:04.798, -08d15m20.751]]
#region (pixel): Point[[256, 256]]
#coordinate: world
#xLabel: radio velocity [km/s]
#yLabel: [Jy/beam] Mean
# restfreq='345.79599GHz' CO J=3-2

# NGC_1052_comb_SPW0.image.pbcor-raster
6.386207885742e+02 4.415039718151e-01
6.521664428711e+02 4.411053359509e-01
6.657120971680e+02 4.415971338749e-01
6.792577514648e+02 4.397701025009e-01
6.928034057617e+02 4.377943277359e-01
7.063490600586e+02 4.364499151707e-01
7.198947143555e+02 4.351218640804e-01
7.334403686523e+02 4.335580766201e-01
7.469859619141e+02 4.332582652569e-01
7.605316162109e+02 4.326942265034e-01
7.740772705078e+02 4.304917454720e-01
7.876229248047e+02 4.279979169369e-01
8.011685791016e+02 4.254032969475e-01
8.147142333984e+02 4.218035042286e-01
8.282598876953e+02 4.188113212585e-01
8.418054809570e+02 4.176267385483e-01
8.553511352539e+02 4.183041751385e-01
8.688967895508e+02 4.202672243118e-01
8.824424438477e+02 4.219384491444e-01
8.959880981445e+02 4.241022765636e-01
9.095337524414e+02 4.267807006836e-01
9.230794067383e+02 4.291036427021e-01
9.366250610352e+02 4.322865307331e-01
9.501706542969e+02 4.351356923580e-01
9.637163085938e+02 4.362758994102e-01
9.772619628906e+02 4.375424385071e-01
9.908076171875e+02 4.390480816364e-01
1.004353271484e+03 4.397524595261e-01
1.017898925781e+03 4.396808445454e-01
1.031444580078e+03 4.398745000362e-01
1.044990234375e+03 4.409142136574e-01
1.058535888672e+03 4.408991634846e-01
1.072081542969e+03 4.401642084122e-01
1.085627197266e+03 4.404061436653e-01
1.099172729492e+03 4.407302141190e-01
1.112718383789e+03 4.406039416790e-01
1.126264038086e+03 4.407531619072e-01
1.139809692383e+03 4.414445757866e-01
1.153355346680e+03 4.420585632324e-01
1.166901000977e+03 4.417848289013e-01
1.180446655273e+03 4.411673247814e-01
1.193992309570e+03 4.413602054119e-01
1.207537963867e+03 4.418190419674e-01
1.221083618164e+03 4.419900476933e-01
1.234629272461e+03 4.423661231995e-01
1.248174926758e+03 4.424723684788e-01
1.261720581055e+03 4.419495761395e-01
1.275266235352e+03 4.415057599545e-01
1.288811889648e+03 4.409682452679e-01
1.302357421875e+03 4.401548802853e-01
1.315903076172e+03 4.394411146641e-01
1.329448730469e+03 4.389793872833e-01
1.342994384766e+03 4.377773404121e-01
1.356540039062e+03 4.360415935516e-01
1.370085693359e+03 4.342515170574e-01
1.383631347656e+03 4.308663308620e-01
1.397177001953e+03 4.264664053917e-01
1.410722656250e+03 4.210083484650e-01
1.424268310547e+03 4.133394956589e-01
1.437813964844e+03 4.049829542637e-01
1.451359619141e+03 3.975298702717e-01
1.464905273438e+03 3.921194672585e-01
1.478450927734e+03 3.895382881165e-01
1.491996582031e+03 3.891596198082e-01
1.505542114258e+03 3.913256824017e-01
1.519087768555e+03 3.962201476097e-01
1.532633422852e+03 4.016898572445e-01
1.546179077148e+03 4.062459170818e-01
1.559724731445e+03 4.112236201763e-01
1.573270385742e+03 4.169808030128e-01
1.586816040039e+03 4.222208857536e-01
1.600361694336e+03 4.265826642513e-01
1.613907348633e+03 4.299252331257e-01
1.627453002930e+03 4.322972595692e-01
1.640998657227e+03 4.335235059261e-01
1.654544311523e+03 4.341098368168e-01
1.668089965820e+03 4.354555010796e-01
1.681635620117e+03 4.374346435070e-01
1.695181274414e+03 4.386869668961e-01
1.708726928711e+03 4.391289651394e-01
1.722272460938e+03 4.390323162079e-01
1.735818115234e+03 4.385674297810e-01
1.749363769531e+03 4.376416802406e-01
1.762909423828e+03 4.371588826180e-01
1.776455078125e+03 4.370051622391e-01
1.790000732422e+03 4.354216158390e-01
1.803546386719e+03 4.328294694424e-01
1.817092041016e+03 4.297513961792e-01
1.830637695312e+03 4.258313477039e-01
1.844183349609e+03 4.220238626003e-01
1.857729003906e+03 4.190714955330e-01
1.871274658203e+03 4.170234799385e-01
1.884820312500e+03 4.167803823948e-01
1.898365966797e+03 4.180914461613e-01
1.911911621094e+03 4.200546741486e-01
1.925457153320e+03 4.225471317768e-01
1.939002807617e+03 4.252937138081e-01
1.952548461914e+03 4.277268350124e-01
1.966094116211e+03 4.302417635918e-01
1.979639770508e+03 4.334786236286e-01
1.993185424805e+03 4.362486600876e-01
2.006731079102e+03 4.382283687592e-01
2.020276733398e+03 4.393640160561e-01
2.033822387695e+03 4.396902322769e-01
2.047368041992e+03 4.400344789028e-01
2.060913574219e+03 4.403843879700e-01
2.074459228516e+03 4.414418935776e-01
2.088004882812e+03 4.432661533356e-01
2.101550537109e+03 4.441799819469e-01
2.115096191406e+03 4.447854757309e-01
2.128641845703e+03 4.456298351288e-01
2.142187500000e+03 4.455617666245e-01
2.155733154297e+03 4.450157284737e-01
2.169278808594e+03 4.449914395809e-01
2.182824462891e+03 4.453821480274e-01
2.196370117188e+03 4.455667138100e-01
2.209915771484e+03 4.458612799644e-01
2.223461425781e+03 4.462901651859e-01
2.237007080078e+03 4.459175169468e-01
2.250552734375e+03 4.455834627151e-01
2.264098388672e+03 4.459519684315e-01
2.277644042969e+03 4.453544914722e-01
