#title: Spectral profile - NGC_1052_SPW2.image.pbcor-raster
#region (world): Point[[02:41:04.798, -08d15m20.751]]
#region (pixel): Point[[256, 256]]
#coordinate: world
#xLabel: frequency [GHz]
#yLabel: [Jy/beam] Mean

# NGC_1052_SPW2.image.pbcor-raster
3.417837829590e+02 4.425003230572e-01
3.417681579590e+02 4.417219758034e-01
3.417525329590e+02 4.426148533821e-01
3.417369079590e+02 4.428661763668e-01
3.417212829590e+02 4.423812925816e-01
3.417056579590e+02 4.415358603001e-01
3.416900329590e+02 4.415842592716e-01
3.416744079590e+02 4.419410228729e-01
3.416587829590e+02 4.423148632050e-01
3.416431579590e+02 4.422345459461e-01
3.416275329590e+02 4.416127800941e-01
3.416119079590e+02 4.412119388580e-01
3.415962829590e+02 4.411728680134e-01
3.415806579590e+02 4.412828385830e-01
3.415650329590e+02 4.415284097195e-01
3.415494079590e+02 4.415671527386e-01
3.415337829590e+02 4.414190649986e-01
3.415181579590e+02 4.412393271923e-01
3.415025329590e+02 4.411565363407e-01
3.414869079590e+02 4.409955143929e-01
3.414712829590e+02 4.408842027187e-01
3.414556579590e+02 4.408164322376e-01
3.414400329590e+02 4.406627714634e-01
3.414244384766e+02 4.402998983860e-01
3.414088134766e+02 4.395956695080e-01
3.413931884766e+02 4.391786754131e-01
3.413775634766e+02 4.394230544567e-01
3.413619384766e+02 4.398671686649e-01
3.413463134766e+02 4.397799372673e-01
3.413306884766e+02 4.395191073418e-01
3.413150634766e+02 4.399110972881e-01
3.412994384766e+02 4.400293827057e-01
3.412838134766e+02 4.378990530968e-01
3.412681884766e+02 4.346068501472e-01
3.412525634766e+02 4.321514964104e-01
3.412369384766e+02 4.308813810349e-01
3.412213134766e+02 4.303383529186e-01
3.412056884766e+02 4.297756552696e-01
3.411900634766e+02 4.293918311596e-01
3.411744384766e+02 4.295223355293e-01
3.411588134766e+02 4.300830662251e-01
3.411431884766e+02 4.306270778179e-01
3.411275634766e+02 4.309004545212e-01
3.411119384766e+02 4.313911497593e-01
3.410963134766e+02 4.319240152836e-01
3.410806884766e+02 4.329880475998e-01
3.410650634766e+02 4.348658919334e-01
3.410494384766e+02 4.365109801292e-01
3.410338134766e+02 4.376741051674e-01
3.410181884766e+02 4.385547339916e-01
3.410025634766e+02 4.386399686337e-01
3.409869384766e+02 4.388386905193e-01
3.409713134766e+02 4.400004446507e-01
3.409556884766e+02 4.402402043343e-01
3.409400634766e+02 4.400822222233e-01
3.409244384766e+02 4.412054121494e-01
3.409088134766e+02 4.420858323574e-01
3.408931884766e+02 4.419631063938e-01
3.408775634766e+02 4.423343539238e-01
3.408619384766e+02 4.432238042355e-01
3.408463134766e+02 4.435103833675e-01
3.408306884766e+02 4.428477585316e-01
3.408150634766e+02 4.422085583210e-01
3.407994384766e+02 4.421926438808e-01
3.407838134766e+02 4.419675469398e-01
3.407682189941e+02 4.417710602283e-01
3.407525939941e+02 4.418044984341e-01
3.407369689941e+02 4.417053461075e-01
3.407213439941e+02 4.425675570965e-01
3.407057189941e+02 4.429906010628e-01
3.406900939941e+02 4.425430595875e-01
3.406744689941e+02 4.425978660583e-01
3.406588439941e+02 4.426834881306e-01
3.406432189941e+02 4.430555999279e-01
3.406275939941e+02 4.434255063534e-01
3.406119689941e+02 4.430663585663e-01
3.405963439941e+02 4.426525235176e-01
3.405807189941e+02 4.430043697357e-01
3.405650939941e+02 4.432979822159e-01
3.405494689941e+02 4.429986476898e-01
3.405338439941e+02 4.426167309284e-01
3.405182189941e+02 4.426805973053e-01
3.405025939941e+02 4.433552324772e-01
3.404869689941e+02 4.432593882084e-01
3.404713439941e+02 4.425934255123e-01
3.404557189941e+02 4.430150985718e-01
3.404400939941e+02 4.434066116810e-01
3.404244689941e+02 4.430367648602e-01
3.404088439941e+02 4.432683587074e-01
3.403932189941e+02 4.440452754498e-01
3.403775939941e+02 4.439618289471e-01
3.403619689941e+02 4.430835545063e-01
3.403463439941e+02 4.425416290760e-01
3.403307189941e+02 4.423050880432e-01
3.403150939941e+02 4.424902498722e-01
3.402994689941e+02 4.428341984749e-01
3.402838439941e+02 4.432838857174e-01
3.402682189941e+02 4.437117576599e-01
3.402525939941e+02 4.435962736607e-01
3.402369689941e+02 4.428146481514e-01
3.402213439941e+02 4.424960613251e-01
3.402057189941e+02 4.426822960377e-01
3.401900939941e+02 4.425675570965e-01
3.401744689941e+02 4.425756335258e-01
3.401588439941e+02 4.428836405277e-01
3.401432189941e+02 4.434379339218e-01
3.401275939941e+02 4.435502886772e-01
3.401119689941e+02 4.428446292877e-01
3.400963745117e+02 4.430112540722e-01
3.400807495117e+02 4.429318606853e-01
3.400651245117e+02 4.417420625687e-01
3.400494995117e+02 4.410122036934e-01
3.400338745117e+02 4.408655166626e-01
3.400182495117e+02 4.405267238617e-01
3.400026245117e+02 4.400098919868e-01
3.399869995117e+02 4.394445419312e-01
3.399713745117e+02 4.385744631290e-01
3.399557495117e+02 4.379726946354e-01
3.399401245117e+02 4.382469952106e-01
3.399244995117e+02 4.387018978596e-01
3.399088745117e+02 4.390820860863e-01
3.398932495117e+02 4.392855763435e-01
