#title: Spectral profile - NGC_1052_SPW3.image.pbcor-raster
#region (world): Point[[02:41:04.798, -08d15m20.751]]
#region (pixel): Point[[256, 256]]
#coordinate: world
#xLabel: frequency [GHz]
#yLabel: [Jy/beam] Mean

# NGC_1052_SPW3.image.pbcor-raster
3.399092102051e+02 4.401066303253e-01
3.398935852051e+02 4.396826028824e-01
3.398779602051e+02 4.396524727345e-01
3.398623352051e+02 4.398032426834e-01
3.398467102051e+02 4.410026669502e-01
3.398310852051e+02 4.412890076637e-01
3.398154602051e+02 4.406005442142e-01
3.397998352051e+02 4.397867619991e-01
3.397842102051e+02 4.392146468163e-01
3.397685852051e+02 4.391354620457e-01
3.397529602051e+02 4.395441412926e-01
3.397373352051e+02 4.393173754215e-01
3.397217102051e+02 4.389827251434e-01
3.397060852051e+02 4.394138753414e-01
3.396904602051e+02 4.400112330914e-01
3.396748352051e+02 4.397791028023e-01
3.396592102051e+02 4.394911229610e-01
3.396435852051e+02 4.397269189358e-01
3.396279602051e+02 4.398282468319e-01
3.396123352051e+02 4.395706951618e-01
3.395967102051e+02 4.399207830429e-01
3.395810852051e+02 4.408929347992e-01
3.395654602051e+02 4.414969086647e-01
3.395498352051e+02 4.417995512486e-01
3.395342102051e+02 4.420017302036e-01
3.395185852051e+02 4.420864284039e-01
3.395029602051e+02 4.427127242088e-01
3.394873352051e+02 4.438663423061e-01
3.394717407227e+02 4.446331858635e-01
3.394561157227e+02 4.450453221798e-01
3.394404907227e+02 4.447036385536e-01
3.394248657227e+02 4.439806342125e-01
3.394092407227e+02 4.439151585102e-01
3.393936157227e+02 4.444517791271e-01
3.393779907227e+02 4.447993338108e-01
3.393623657227e+02 4.443628191948e-01
3.393467407227e+02 4.443842470646e-01
3.393311157227e+02 4.444330930710e-01
3.393154907227e+02 4.434570372105e-01
3.392998657227e+02 4.432145953178e-01
3.392842407227e+02 4.441086649895e-01
3.392686157227e+02 4.442039728165e-01
3.392529907227e+02 4.436568617821e-01
3.392373657227e+02 4.435061216354e-01
3.392217407227e+02 4.429356455803e-01
3.392061157227e+02 4.415095448494e-01
3.391904907227e+02 4.398771524429e-01
3.391748657227e+02 4.390136599541e-01
3.391592407227e+02 4.395827651024e-01
3.391436157227e+02 4.399244189262e-01
3.391279907227e+02 4.377665519714e-01
3.391123657227e+02 4.341122508049e-01
3.390967407227e+02 4.310281574726e-01
3.390811157227e+02 4.286105632782e-01
3.390654907227e+02 4.269068837166e-01
3.390498657227e+02 4.249185919762e-01
3.390342407227e+02 4.238463938236e-01
3.390186157227e+02 4.260536432266e-01
3.390029907227e+02 4.288624227047e-01
3.389873657227e+02 4.294707775116e-01
3.389717407227e+02 4.294083416462e-01
3.389561157227e+02 4.301285147667e-01
3.389404907227e+02 4.317929446697e-01
3.389248657227e+02 4.344185888767e-01
3.389092407227e+02 4.364777207375e-01
3.388936157227e+02 4.380068480968e-01
3.388779907227e+02 4.398708641529e-01
3.388623657227e+02 4.408235847950e-01
3.388467407227e+02 4.410936534405e-01
3.388311157227e+02 4.417164027691e-01
3.388155212402e+02 4.420872628689e-01
3.387998962402e+02 4.413613080978e-01
3.387842712402e+02 4.407103955746e-01
3.387686462402e+02 4.409541785717e-01
3.387530212402e+02 4.415502846241e-01
3.387373962402e+02 4.419026076794e-01
3.387217712402e+02 4.411909878254e-01
3.387061462402e+02 4.402381479740e-01
3.386905212402e+02 4.397535026073e-01
3.386748962402e+02 4.391894340515e-01
3.386592712402e+02 4.387141168118e-01
3.386436462402e+02 4.377638995647e-01
3.386280212402e+02 4.358308017254e-01
3.386123962402e+02 4.346953332424e-01
3.385967712402e+02 4.345164597034e-01
3.385811462402e+02 4.334039688110e-01
3.385655212402e+02 4.324421286583e-01
3.385498962402e+02 4.337632358074e-01
3.385342712402e+02 4.352753758430e-01
3.385186462402e+02 4.352109730244e-01
3.385030212402e+02 4.350688159466e-01
3.384873962402e+02 4.359750151634e-01
3.384717712402e+02 4.369893968105e-01
3.384561462402e+02 4.368815422058e-01
3.384405212402e+02 4.364353418350e-01
3.384248962402e+02 4.368626475334e-01
3.384092712402e+02 4.381560385227e-01
3.383936462402e+02 4.391005635262e-01
3.383780212402e+02 4.388489127159e-01
3.383623962402e+02 4.382041096687e-01
3.383467712402e+02 4.383644759655e-01
3.383311462402e+02 4.389784038067e-01
3.383155212402e+02 4.392177164555e-01
3.382998962402e+02 4.398692250252e-01
3.382842712402e+02 4.405136406422e-01
3.382686462402e+02 4.404854178429e-01
3.382530212402e+02 4.401081502438e-01
3.382373962402e+02 4.395965039730e-01
3.382217712402e+02 4.396217465401e-01
3.382061462402e+02 4.402023553848e-01
3.381905212402e+02 4.401322603226e-01
3.381748962402e+02 4.397233724594e-01
3.381592712402e+02 4.402476251125e-01
3.381436767578e+02 4.412817358971e-01
3.381280517578e+02 4.416151940823e-01
3.381124267578e+02 4.417637586594e-01
3.380968017578e+02 4.423630237579e-01
3.380811767578e+02 4.427445828915e-01
3.380655517578e+02 4.432605206966e-01
3.380499267578e+02 4.443971216679e-01
3.380343017578e+02 4.449638426304e-01
3.380186767578e+02 4.439339935780e-01
