#title: Spectral profile - NGC_1052_SPW3.image.pbcor-raster
#region (world): Point[[02:41:04.798, -08d15m20.751]]
#region (pixel): Point[[256, 256]]
#coordinate: world
#xLabel: radio velocity [km/s]
#yLabel: [Jy/beam] Mean
# restfreq='340.71416GHz' SO J=7_8-6_7

# NGC_1052_SPW3.image.pbcor-raster
7.082744750977e+02 4.401066303253e-01
7.220222167969e+02 4.396826028824e-01
7.357698974609e+02 4.396524727345e-01
7.495176391602e+02 4.398032426834e-01
7.632653808594e+02 4.410026669502e-01
7.770130615234e+02 4.412890076637e-01
7.907608032227e+02 4.406005442142e-01
8.045085449219e+02 4.397867619991e-01
8.182562255859e+02 4.392146468163e-01
8.320039672852e+02 4.391354620457e-01
8.457516479492e+02 4.395441412926e-01
8.594993896484e+02 4.393173754215e-01
8.732471313477e+02 4.389827251434e-01
8.869948120117e+02 4.394138753414e-01
9.007425537109e+02 4.400112330914e-01
9.144902954102e+02 4.397791028023e-01
9.282379760742e+02 4.394911229610e-01
9.419857177734e+02 4.397269189358e-01
9.557334594727e+02 4.398282468319e-01
9.694811401367e+02 4.395706951618e-01
9.832288818359e+02 4.399207830429e-01
9.969765625000e+02 4.408929347992e-01
1.010724304199e+03 4.414969086647e-01
1.024472045898e+03 4.417995512486e-01
1.038219726562e+03 4.420017302036e-01
1.051967407227e+03 4.420864284039e-01
1.065715209961e+03 4.427127242088e-01
1.079462890625e+03 4.438663423061e-01
1.093210571289e+03 4.446331858635e-01
1.106958374023e+03 4.450453221798e-01
1.120706054688e+03 4.447036385536e-01
1.134453735352e+03 4.439806342125e-01
1.148201538086e+03 4.439151585102e-01
1.161949218750e+03 4.444517791271e-01
1.175696899414e+03 4.447993338108e-01
1.189444702148e+03 4.443628191948e-01
1.203192382812e+03 4.443842470646e-01
1.216940063477e+03 4.444330930710e-01
1.230687866211e+03 4.434570372105e-01
1.244435546875e+03 4.432145953178e-01
1.258183227539e+03 4.441086649895e-01
1.271931030273e+03 4.442039728165e-01
1.285678710938e+03 4.436568617821e-01
1.299426391602e+03 4.435061216354e-01
1.313174194336e+03 4.429356455803e-01
1.326921875000e+03 4.415095448494e-01
1.340669555664e+03 4.398771524429e-01
1.354417236328e+03 4.390136599541e-01
1.368165039062e+03 4.395827651024e-01
1.381912719727e+03 4.399244189262e-01
1.395660400391e+03 4.377665519714e-01
1.409408203125e+03 4.341122508049e-01
1.423155883789e+03 4.310281574726e-01
1.436903564453e+03 4.286105632782e-01
1.450651367188e+03 4.269068837166e-01
1.464399047852e+03 4.249185919762e-01
1.478146728516e+03 4.238463938236e-01
1.491894531250e+03 4.260536432266e-01
1.505642211914e+03 4.288624227047e-01
1.519389892578e+03 4.294707775116e-01
1.533137695312e+03 4.294083416462e-01
1.546885375977e+03 4.301285147667e-01
1.560633056641e+03 4.317929446697e-01
1.574380859375e+03 4.344185888767e-01
1.588128540039e+03 4.364777207375e-01
1.601876220703e+03 4.380068480968e-01
1.615624023438e+03 4.398708641529e-01
1.629371704102e+03 4.408235847950e-01
1.643119384766e+03 4.410936534405e-01
1.656867065430e+03 4.417164027691e-01
1.670614868164e+03 4.420872628689e-01
1.684362548828e+03 4.413613080978e-01
1.698110229492e+03 4.407103955746e-01
1.711858032227e+03 4.409541785717e-01
1.725605712891e+03 4.415502846241e-01
1.739353393555e+03 4.419026076794e-01
1.753101196289e+03 4.411909878254e-01
1.766848876953e+03 4.402381479740e-01
1.780596557617e+03 4.397535026073e-01
1.794344360352e+03 4.391894340515e-01
1.808092041016e+03 4.387141168118e-01
1.821839721680e+03 4.377638995647e-01
1.835587524414e+03 4.358308017254e-01
1.849335205078e+03 4.346953332424e-01
1.863082885742e+03 4.345164597034e-01
1.876830688477e+03 4.334039688110e-01
1.890578369141e+03 4.324421286583e-01
1.904326049805e+03 4.337632358074e-01
1.918073852539e+03 4.352753758430e-01
1.931821533203e+03 4.352109730244e-01
1.945569213867e+03 4.350688159466e-01
1.959316894531e+03 4.359750151634e-01
1.973064697266e+03 4.369893968105e-01
1.986812377930e+03 4.368815422058e-01
2.000560058594e+03 4.364353418350e-01
2.014307861328e+03 4.368626475334e-01
2.028055541992e+03 4.381560385227e-01
2.041803222656e+03 4.391005635262e-01
2.055551025391e+03 4.388489127159e-01
2.069298828125e+03 4.382041096687e-01
2.083046386719e+03 4.383644759655e-01
2.096794189453e+03 4.389784038067e-01
2.110541748047e+03 4.392177164555e-01
2.124289550781e+03 4.398692250252e-01
2.138037353516e+03 4.405136406422e-01
2.151784912109e+03 4.404854178429e-01
2.165532714844e+03 4.401081502438e-01
2.179280517578e+03 4.395965039730e-01
2.193028076172e+03 4.396217465401e-01
2.206775878906e+03 4.402023553848e-01
2.220523681641e+03 4.401322603226e-01
2.234271240234e+03 4.397233724594e-01
2.248019042969e+03 4.402476251125e-01
2.261766845703e+03 4.412817358971e-01
2.275514404297e+03 4.416151940823e-01
2.289262207031e+03 4.417637586594e-01
2.303010009766e+03 4.423630237579e-01
2.316757568359e+03 4.427445828915e-01
2.330505371094e+03 4.432605206966e-01
2.344253173828e+03 4.443971216679e-01
2.358000732422e+03 4.449638426304e-01
2.371748535156e+03 4.439339935780e-01
