#title: Spectral profile - NGC_1052_SPW1.image.pbcor-raster
#region (world): Point[[02:41:04.798, -08d15m20.751]]
#region (pixel): Point[[256, 256]]
#coordinate: world
#xLabel: frequency [GHz]
#yLabel: [Jy/beam] Mean

# NGC_1052_SPW1.image.pbcor-raster
3.509575195312e+02 4.422149956226e-01
3.509731445312e+02 4.425142407417e-01
3.509887695312e+02 4.428246915340e-01
3.510043945312e+02 4.424758851528e-01
3.510200195312e+02 4.428597092628e-01
3.510356445312e+02 4.434871375561e-01
3.510512695312e+02 4.441861808300e-01
3.510668945312e+02 4.438864588737e-01
3.510825195312e+02 4.432712495327e-01
3.510981445312e+02 4.425989687443e-01
3.511137695312e+02 4.424370527267e-01
3.511293945312e+02 4.429952204227e-01
3.511450195312e+02 4.429902136326e-01
3.511606445312e+02 4.434036612511e-01
3.511762695312e+02 4.435303509235e-01
3.511918945312e+02 4.431807100773e-01
3.512075195312e+02 4.431281387806e-01
3.512231445312e+02 4.430369734764e-01
3.512387695312e+02 4.432525932789e-01
3.512543945312e+02 4.433490037918e-01
3.512700195312e+02 4.434759914875e-01
3.512856445312e+02 4.431911110878e-01
3.513012695312e+02 4.426757693291e-01
3.513168945312e+02 4.427756071091e-01
3.513325195312e+02 4.431036710739e-01
3.513481445312e+02 4.435735642910e-01
3.513637695312e+02 4.433647394180e-01
3.513793945312e+02 4.430085718632e-01
3.513950195312e+02 4.424705505371e-01
3.514106445312e+02 4.417574703693e-01
3.514262695312e+02 4.419790208340e-01
3.514418945312e+02 4.425218403339e-01
3.514575195312e+02 4.430105090141e-01
3.514731445312e+02 4.432163834572e-01
3.514887695312e+02 4.428112208843e-01
3.515043945312e+02 4.424226582050e-01
3.515200195312e+02 4.425367414951e-01
3.515356445312e+02 4.426417946815e-01
3.515512390137e+02 4.422388970852e-01
3.515668640137e+02 4.417418539524e-01
3.515824890137e+02 4.416823387146e-01
3.515981140137e+02 4.416959285736e-01
3.516137390137e+02 4.414326548576e-01
3.516293640137e+02 4.416971802711e-01
3.516449890137e+02 4.421325922012e-01
3.516606140137e+02 4.421734809875e-01
3.516762390137e+02 4.426636695862e-01
3.516918640137e+02 4.428461194038e-01
3.517074890137e+02 4.425964355469e-01
3.517231140137e+02 4.424978792667e-01
3.517387390137e+02 4.421217143536e-01
3.517543640137e+02 4.422059357166e-01
3.517699890137e+02 4.424671232700e-01
3.517856140137e+02 4.423955976963e-01
3.518012390137e+02 4.425380825996e-01
3.518168640137e+02 4.423819780350e-01
3.518324890137e+02 4.418325424194e-01
3.518481140137e+02 4.413508474827e-01
3.518637390137e+02 4.405149221420e-01
3.518793640137e+02 4.408516585827e-01
3.518949890137e+02 4.420477747917e-01
3.519106140137e+02 4.419161975384e-01
3.519262390137e+02 4.413394629955e-01
3.519418640137e+02 4.412008821964e-01
3.519574890137e+02 4.413032829762e-01
3.519731140137e+02 4.408876895905e-01
3.519887390137e+02 4.401124715805e-01
3.520043640137e+02 4.406246244907e-01
3.520199890137e+02 4.412303566933e-01
3.520356140137e+02 4.410217702389e-01
3.520512390137e+02 4.410046935081e-01
3.520668640137e+02 4.415985643864e-01
3.520824890137e+02 4.413721263409e-01
3.520981140137e+02 4.405757486820e-01
3.521137390137e+02 4.398676156998e-01
3.521293640137e+02 4.395850896835e-01
3.521449890137e+02 4.403946697712e-01
3.521606140137e+02 4.407646059990e-01
3.521762390137e+02 4.404168725014e-01
3.521918640137e+02 4.405197501183e-01
3.522074584961e+02 4.405907094479e-01
3.522230834961e+02 4.411025345325e-01
3.522387084961e+02 4.421979188919e-01
3.522543334961e+02 4.422303438187e-01
3.522699584961e+02 4.417658448219e-01
3.522855834961e+02 4.417186379433e-01
3.523012084961e+02 4.404354095459e-01
3.523168334961e+02 4.382089674473e-01
3.523324584961e+02 4.375489950180e-01
3.523480834961e+02 4.381133913994e-01
3.523637084961e+02 4.388023614883e-01
3.523793334961e+02 4.390541017056e-01
3.523949584961e+02 4.380611777306e-01
3.524105834961e+02 4.373733401299e-01
3.524262084961e+02 4.376195371151e-01
3.524418334961e+02 4.378245174885e-01
3.524574584961e+02 4.376570582390e-01
3.524730834961e+02 4.366464018822e-01
3.524887084961e+02 4.358344674110e-01
3.525043334961e+02 4.350849986076e-01
3.525199584961e+02 4.337319135666e-01
3.525355834961e+02 4.321531951427e-01
3.525512084961e+02 4.298450350761e-01
3.525668334961e+02 4.268022179604e-01
3.525824584961e+02 4.228220283985e-01
3.525980834961e+02 4.188882708549e-01
3.526137084961e+02 4.141027927399e-01
3.526293334961e+02 4.076379239559e-01
3.526449584961e+02 4.012955725193e-01
3.526605834961e+02 3.959586322308e-01
3.526762084961e+02 3.900601267815e-01
3.526918334961e+02 3.834269642830e-01
3.527074584961e+02 3.793416917324e-01
3.527230834961e+02 3.779980242252e-01
3.527387084961e+02 3.779474794865e-01
3.527543334961e+02 3.797321021557e-01
3.527699584961e+02 3.849278986454e-01
3.527855834961e+02 3.925323486328e-01
3.528012084961e+02 4.001322984695e-01
3.528168334961e+02 4.081940948963e-01
3.528324584961e+02 4.155521392822e-01
3.528480834961e+02 4.216941595078e-01
