#title: Spectral profile - NGC_1052_SPW2.image.pbcor-raster
#region (world): Point[[02:41:04.798, -08d15m20.751]]
#region (pixel): Point[[256, 256]]
#coordinate: world
#xLabel: radio velocity [km/s]
#yLabel: [Jy/beam] Mean
# restfreq='342.88285GHz' CS J=7-6

# NGC_1052_SPW2.image.pbcor-raster
9.609467163086e+02 4.425003230572e-01
9.746074829102e+02 4.417219758034e-01
9.882682495117e+02 4.426148533821e-01
1.001929016113e+03 4.428661763668e-01
1.015589782715e+03 4.423812925816e-01
1.029250610352e+03 4.415358603001e-01
1.042911376953e+03 4.415842592716e-01
1.056572143555e+03 4.419410228729e-01
1.070232910156e+03 4.423148632050e-01
1.083893676758e+03 4.422345459461e-01
1.097554443359e+03 4.416127800941e-01
1.111215209961e+03 4.412119388580e-01
1.124875976562e+03 4.411728680134e-01
1.138536743164e+03 4.412828385830e-01
1.152197509766e+03 4.415284097195e-01
1.165858276367e+03 4.415671527386e-01
1.179519042969e+03 4.414190649986e-01
1.193179809570e+03 4.412393271923e-01
1.206840576172e+03 4.411565363407e-01
1.220501342773e+03 4.409955143929e-01
1.234162109375e+03 4.408842027187e-01
1.247822875977e+03 4.408164322376e-01
1.261483642578e+03 4.406627714634e-01
1.275144409180e+03 4.402998983860e-01
1.288805175781e+03 4.395956695080e-01
1.302465942383e+03 4.391786754131e-01
1.316126708984e+03 4.394230544567e-01
1.329787475586e+03 4.398671686649e-01
1.343448242188e+03 4.397799372673e-01
1.357109008789e+03 4.395191073418e-01
1.370769775391e+03 4.399110972881e-01
1.384430541992e+03 4.400293827057e-01
1.398091308594e+03 4.378990530968e-01
1.411752075195e+03 4.346068501472e-01
1.425412841797e+03 4.321514964104e-01
1.439073608398e+03 4.308813810349e-01
1.452734375000e+03 4.303383529186e-01
1.466395141602e+03 4.297756552696e-01
1.480055908203e+03 4.293918311596e-01
1.493716674805e+03 4.295223355293e-01
1.507377441406e+03 4.300830662251e-01
1.521038208008e+03 4.306270778179e-01
1.534698974609e+03 4.309004545212e-01
1.548359741211e+03 4.313911497593e-01
1.562020507812e+03 4.319240152836e-01
1.575681274414e+03 4.329880475998e-01
1.589342041016e+03 4.348658919334e-01
1.603002807617e+03 4.365109801292e-01
1.616663574219e+03 4.376741051674e-01
1.630324340820e+03 4.385547339916e-01
1.643985107422e+03 4.386399686337e-01
1.657645874023e+03 4.388386905193e-01
1.671306640625e+03 4.400004446507e-01
1.684967407227e+03 4.402402043343e-01
1.698628173828e+03 4.400822222233e-01
1.712288940430e+03 4.412054121494e-01
1.725949707031e+03 4.420858323574e-01
1.739610473633e+03 4.419631063938e-01
1.753271240234e+03 4.423343539238e-01
1.766932006836e+03 4.432238042355e-01
1.780592773438e+03 4.435103833675e-01
1.794253540039e+03 4.428477585316e-01
1.807914306641e+03 4.422085583210e-01
1.821575073242e+03 4.421926438808e-01
1.835235839844e+03 4.419675469398e-01
1.848896606445e+03 4.417710602283e-01
1.862557373047e+03 4.418044984341e-01
1.876218139648e+03 4.417053461075e-01
1.889878906250e+03 4.425675570965e-01
1.903539672852e+03 4.429906010628e-01
1.917200439453e+03 4.425430595875e-01
1.930861206055e+03 4.425978660583e-01
1.944521972656e+03 4.426834881306e-01
1.958182739258e+03 4.430555999279e-01
1.971843505859e+03 4.434255063534e-01
1.985504272461e+03 4.430663585663e-01
1.999165039062e+03 4.426525235176e-01
2.012825805664e+03 4.430043697357e-01
2.026486572266e+03 4.432979822159e-01
2.040147338867e+03 4.429986476898e-01
2.053808105469e+03 4.426167309284e-01
2.067468750000e+03 4.426805973053e-01
2.081129638672e+03 4.433552324772e-01
2.094790283203e+03 4.432593882084e-01
2.108451171875e+03 4.425934255123e-01
2.122111816406e+03 4.430150985718e-01
2.135772705078e+03 4.434066116810e-01
2.149433349609e+03 4.430367648602e-01
2.163094238281e+03 4.432683587074e-01
2.176754882812e+03 4.440452754498e-01
2.190415771484e+03 4.439618289471e-01
2.204076416016e+03 4.430835545063e-01
2.217737304688e+03 4.425416290760e-01
2.231397949219e+03 4.423050880432e-01
2.245058837891e+03 4.424902498722e-01
2.258719482422e+03 4.428341984749e-01
2.272380371094e+03 4.432838857174e-01
2.286041015625e+03 4.437117576599e-01
2.299701904297e+03 4.435962736607e-01
2.313362548828e+03 4.428146481514e-01
2.327023437500e+03 4.424960613251e-01
2.340684082031e+03 4.426822960377e-01
2.354344970703e+03 4.425675570965e-01
2.368005615234e+03 4.425756335258e-01
2.381666503906e+03 4.428836405277e-01
2.395327148438e+03 4.434379339218e-01
2.408988037109e+03 4.435502886772e-01
2.422648681641e+03 4.428446292877e-01
2.436309570312e+03 4.430112540722e-01
2.449970214844e+03 4.429318606853e-01
2.463631103516e+03 4.417420625687e-01
2.477291748047e+03 4.410122036934e-01
2.490952636719e+03 4.408655166626e-01
2.504613525391e+03 4.405267238617e-01
2.518274169922e+03 4.400098919868e-01
2.531935058594e+03 4.394445419312e-01
2.545595703125e+03 4.385744631290e-01
2.559256591797e+03 4.379726946354e-01
2.572917236328e+03 4.382469952106e-01
2.586578125000e+03 4.387018978596e-01
2.600238769531e+03 4.390820860863e-01
2.613899658203e+03 4.392855763435e-01
