#title: Spectral profile - NGC_1052_SPW0.image.pbcor-raster
#region (world): Point[[02:41:04.798, -08d15m20.751]]
#region (pixel): Point[[256, 256]]
#coordinate: world
#xLabel: frequency [GHz]
#yLabel: [Jy/beam] Mean

# NGC_1052_SPW0.image.pbcor-raster
3.518359680176e+02 4.427359402180e-01
3.518515930176e+02 4.428837895393e-01
3.518672180176e+02 4.431469738483e-01
3.518828430176e+02 4.436881244183e-01
3.518984680176e+02 4.443376064301e-01
3.519140930176e+02 4.434157609940e-01
3.519297180176e+02 4.426890909672e-01
3.519453430176e+02 4.424570500851e-01
3.519609680176e+02 4.429853856564e-01
3.519765930176e+02 4.430408179760e-01
3.519922180176e+02 4.426048994064e-01
3.520078430176e+02 4.432917535305e-01
3.520234680176e+02 4.436047673225e-01
3.520390930176e+02 4.428509771824e-01
3.520547180176e+02 4.426940083504e-01
3.520703125000e+02 4.430066943169e-01
3.520859375000e+02 4.428969919682e-01
3.521015625000e+02 4.424495697021e-01
3.521171875000e+02 4.414756000042e-01
3.521328125000e+02 4.407529830933e-01
3.521484375000e+02 4.411072134972e-01
3.521640625000e+02 4.412897825241e-01
3.521796875000e+02 4.409629702568e-01
3.521953125000e+02 4.410704374313e-01
3.522109375000e+02 4.413152337074e-01
3.522265625000e+02 4.420172870159e-01
3.522421875000e+02 4.432736039162e-01
3.522578125000e+02 4.434685707092e-01
3.522734375000e+02 4.424549639225e-01
3.522890625000e+02 4.413239657879e-01
3.523046875000e+02 4.391325116158e-01
3.523203125000e+02 4.377988278866e-01
3.523359375000e+02 4.383112490177e-01
3.523515625000e+02 4.391655623913e-01
3.523671875000e+02 4.396205544472e-01
3.523828125000e+02 4.396860897541e-01
3.523984375000e+02 4.395904839039e-01
3.524140625000e+02 4.392862319946e-01
3.524296875000e+02 4.389981925488e-01
3.524453125000e+02 4.390495419502e-01
3.524609375000e+02 4.387671351433e-01
3.524765625000e+02 4.375103116035e-01
3.524921875000e+02 4.369234442711e-01
3.525078125000e+02 4.364714920521e-01
3.525234375000e+02 4.350413978100e-01
3.525390625000e+02 4.332447350025e-01
3.525546875000e+02 4.310652017593e-01
3.525703125000e+02 4.280646145344e-01
3.525859375000e+02 4.242922961712e-01
3.526015625000e+02 4.207210540771e-01
3.526171875000e+02 4.154099822044e-01
3.526328125000e+02 4.079815447330e-01
3.526484375000e+02 4.014563262463e-01
3.526640625000e+02 3.962534368038e-01
3.526796875000e+02 3.906916379929e-01
3.526953125000e+02 3.850021958351e-01
3.527109375000e+02 3.813449740410e-01
3.527265625000e+02 3.798957169056e-01
3.527421569824e+02 3.798384070396e-01
3.527577819824e+02 3.819512724876e-01
3.527734069824e+02 3.873659968376e-01
3.527890319824e+02 3.946054875851e-01
3.528046569824e+02 4.022870063782e-01
3.528202819824e+02 4.109312295914e-01
3.528359069824e+02 4.189241528511e-01
3.528515319824e+02 4.248394370079e-01
3.528671569824e+02 4.292644262314e-01
3.528827819824e+02 4.326038360596e-01
3.528984069824e+02 4.342955052853e-01
3.529140319824e+02 4.354556798935e-01
3.529296569824e+02 4.369377195835e-01
3.529452819824e+02 4.376473128796e-01
3.529609069824e+02 4.377343952656e-01
3.529765319824e+02 4.385117590427e-01
3.529921569824e+02 4.388452172279e-01
3.530077819824e+02 4.387151300907e-01
3.530234069824e+02 4.388695955276e-01
3.530390319824e+02 4.385949075222e-01
3.530546569824e+02 4.386887252331e-01
3.530702819824e+02 4.392455518246e-01
3.530859069824e+02 4.396109879017e-01
3.531015319824e+02 4.396783113480e-01
3.531171569824e+02 4.405032694340e-01
3.531327819824e+02 4.417768716812e-01
3.531484069824e+02 4.424343705177e-01
3.531640319824e+02 4.424915909767e-01
3.531796569824e+02 4.424640834332e-01
3.531952819824e+02 4.420134723186e-01
3.532109069824e+02 4.411529600620e-01
3.532265319824e+02 4.406906962395e-01
3.532421569824e+02 4.409906864166e-01
3.532577819824e+02 4.415143132210e-01
3.532734069824e+02 4.412136375904e-01
3.532890319824e+02 4.409883320332e-01
3.533046569824e+02 4.405643939972e-01
3.533202819824e+02 4.393552541733e-01
3.533359069824e+02 4.396653175354e-01
3.533515319824e+02 4.408341050148e-01
3.533671569824e+02 4.415390193462e-01
3.533827819824e+02 4.425709247589e-01
3.533983764648e+02 4.433652758598e-01
3.534140014648e+02 4.433810412884e-01
3.534296264648e+02 4.425041675568e-01
3.534452514648e+02 4.418984949589e-01
3.534608764648e+02 4.424244463444e-01
3.534765014648e+02 4.426012635231e-01
3.534921264648e+02 4.423154294491e-01
3.535077514648e+02 4.426340758801e-01
3.535233764648e+02 4.426857829094e-01
3.535390014648e+02 4.426195323467e-01
3.535546264648e+02 4.431535601616e-01
3.535702514648e+02 4.428500235081e-01
3.535858764648e+02 4.421414136887e-01
3.536015014648e+02 4.423406720161e-01
3.536171264648e+02 4.427553713322e-01
3.536327514648e+02 4.422003924847e-01
3.536483764648e+02 4.412687122822e-01
3.536640014648e+02 4.407265186310e-01
3.536796264648e+02 4.403267800808e-01
3.536952514648e+02 4.412125349045e-01
3.537108764648e+02 4.423904120922e-01
3.537265014648e+02 4.411839544773e-01
