#title: Spectral profile - NGC_1052_SPW0.image.pbcor-raster
#region (world): Point[[02:41:04.798, -08d15m20.751]]
#region (pixel): Point[[256, 256]]
#coordinate: world
#xLabel: radio velocity [km/s]
#yLabel: [Jy/beam] Mean
# restfreq='354.505473GHz' HCN v=0 J=4-3

# NGC_1052_SPW0.image.pbcor-raster
2.257507812500e+03 4.427359402180e-01
2.244294921875e+03 4.428837895393e-01
2.231082031250e+03 4.431469738483e-01
2.217869140625e+03 4.436881244183e-01
2.204656250000e+03 4.443376064301e-01
2.191443359375e+03 4.434157609940e-01
2.178230468750e+03 4.426890909672e-01
2.165017578125e+03 4.424570500851e-01
2.151804687500e+03 4.429853856564e-01
2.138591796875e+03 4.430408179760e-01
2.125378906250e+03 4.426048994064e-01
2.112166015625e+03 4.432917535305e-01
2.098953125000e+03 4.436047673225e-01
2.085740234375e+03 4.428509771824e-01
2.072527343750e+03 4.426940083504e-01
2.059314453125e+03 4.430066943169e-01
2.046101562500e+03 4.428969919682e-01
2.032888671875e+03 4.424495697021e-01
2.019675781250e+03 4.414756000042e-01
2.006462890625e+03 4.407529830933e-01
1.993250000000e+03 4.411072134972e-01
1.980037109375e+03 4.412897825241e-01
1.966824218750e+03 4.409629702568e-01
1.953611328125e+03 4.410704374313e-01
1.940398437500e+03 4.413152337074e-01
1.927185546875e+03 4.420172870159e-01
1.913972656250e+03 4.432736039162e-01
1.900759765625e+03 4.434685707092e-01
1.887546875000e+03 4.424549639225e-01
1.874333984375e+03 4.413239657879e-01
1.861121093750e+03 4.391325116158e-01
1.847908203125e+03 4.377988278866e-01
1.834695312500e+03 4.383112490177e-01
1.821482421875e+03 4.391655623913e-01
1.808269531250e+03 4.396205544472e-01
1.795056640625e+03 4.396860897541e-01
1.781843750000e+03 4.395904839039e-01
1.768630859375e+03 4.392862319946e-01
1.755417968750e+03 4.389981925488e-01
1.742205078125e+03 4.390495419502e-01
1.728992187500e+03 4.387671351433e-01
1.715779296875e+03 4.375103116035e-01
1.702566406250e+03 4.369234442711e-01
1.689353515625e+03 4.364714920521e-01
1.676140625000e+03 4.350413978100e-01
1.662927734375e+03 4.332447350025e-01
1.649714843750e+03 4.310652017593e-01
1.636501953125e+03 4.280646145344e-01
1.623289062500e+03 4.242922961712e-01
1.610076171875e+03 4.207210540771e-01
1.596863281250e+03 4.154099822044e-01
1.583650390625e+03 4.079815447330e-01
1.570437500000e+03 4.014563262463e-01
1.557224609375e+03 3.962534368038e-01
1.544011718750e+03 3.906916379929e-01
1.530798828125e+03 3.850021958351e-01
1.517585937500e+03 3.813449740410e-01
1.504373046875e+03 3.798957169056e-01
1.491160156250e+03 3.798384070396e-01
1.477947265625e+03 3.819512724876e-01
1.464734375000e+03 3.873659968376e-01
1.451521484375e+03 3.946054875851e-01
1.438308593750e+03 4.022870063782e-01
1.425095703125e+03 4.109312295914e-01
1.411882812500e+03 4.189241528511e-01
1.398669799805e+03 4.248394370079e-01
1.385456909180e+03 4.292644262314e-01
1.372244018555e+03 4.326038360596e-01
1.359031127930e+03 4.342955052853e-01
1.345818237305e+03 4.354556798935e-01
1.332605346680e+03 4.369377195835e-01
1.319392456055e+03 4.376473128796e-01
1.306179565430e+03 4.377343952656e-01
1.292966674805e+03 4.385117590427e-01
1.279753784180e+03 4.388452172279e-01
1.266540893555e+03 4.387151300907e-01
1.253328002930e+03 4.388695955276e-01
1.240115112305e+03 4.385949075222e-01
1.226902221680e+03 4.386887252331e-01
1.213689331055e+03 4.392455518246e-01
1.200476440430e+03 4.396109879017e-01
1.187263549805e+03 4.396783113480e-01
1.174050659180e+03 4.405032694340e-01
1.160837768555e+03 4.417768716812e-01
1.147624877930e+03 4.424343705177e-01
1.134411987305e+03 4.424915909767e-01
1.121199096680e+03 4.424640834332e-01
1.107986206055e+03 4.420134723186e-01
1.094773315430e+03 4.411529600620e-01
1.081560424805e+03 4.406906962395e-01
1.068347534180e+03 4.409906864166e-01
1.055134643555e+03 4.415143132210e-01
1.041921752930e+03 4.412136375904e-01
1.028708862305e+03 4.409883320332e-01
1.015495971680e+03 4.405643939972e-01
1.002283081055e+03 4.393552541733e-01
9.890701904297e+02 4.396653175354e-01
9.758572998047e+02 4.408341050148e-01
9.626444091797e+02 4.415390193462e-01
9.494315185547e+02 4.425709247589e-01
9.362186279297e+02 4.433652758598e-01
9.230057373047e+02 4.433810412884e-01
9.097928466797e+02 4.425041675568e-01
8.965799560547e+02 4.418984949589e-01
8.833670654297e+02 4.424244463444e-01
8.701541748047e+02 4.426012635231e-01
8.569412841797e+02 4.423154294491e-01
8.437283935547e+02 4.426340758801e-01
8.305155029297e+02 4.426857829094e-01
8.173026123047e+02 4.426195323467e-01
8.040897216797e+02 4.431535601616e-01
7.908768310547e+02 4.428500235081e-01
7.776639404297e+02 4.421414136887e-01
7.644510498047e+02 4.423406720161e-01
7.512381591797e+02 4.427553713322e-01
7.380252075195e+02 4.422003924847e-01
7.248123168945e+02 4.412687122822e-01
7.115994262695e+02 4.407265186310e-01
6.983865356445e+02 4.403267800808e-01
6.851736450195e+02 4.412125349045e-01
6.719607543945e+02 4.423904120922e-01
6.587478637695e+02 4.411839544773e-01
