#title: Spectral profile - NGC_1052_comb_CO_Nat.image.pbcor-raster
#region (world): Polygon[[02:41:04.811, -08d15m20.588], [02:41:04.796, -08d15m20.586], [02:41:04.785, -08d15m20.738], [02:41:04.784, -08d15m20.858], [02:41:04.788, -08d15m20.903], [02:41:04.8, -08d15m20.901], [02:41:04.809, -08d15m20.799], [02:41:04.812, -08d15m20.74], [02:41:04.813, -08d15m20.7], [02:41:04.841, -08d15m20.681], [02:41:04.841, -08d15m21.688], [02:41:04.816, -08d15m22.314], [02:41:04.777, -08d15m21.903], [02:41:04.758, -08d15m21.454], [02:41:04.758, -08d15m20.046], [02:41:04.778, -08d15m19.103], [02:41:04.837, -08d15m18.507], [02:41:04.854, -08d15m18.744], [02:41:04.853, -08d15m19.884], [02:41:04.822, -08d15m20.361], [02:41:04.839, -08d15m20.578], [02:41:04.841, -08d15m20.633], [02:41:04.813, -08d15m20.653], [02:41:04.812, -08d15m20.606]]
#region (pixel): Polygon[[251, 260], [256, 260], [260, 256], [261, 253], [259, 252], [255, 252], [251, 254], [250, 256], [250, 257], [240, 257], [240, 232], [249, 216], [263, 227], [270, 238], [270, 273], [263, 297], [241, 312], [235, 306], [235, 277], [247, 265], [240, 260], [240, 258], [250, 258], [250, 259]]
#coordinate: world
#xLabel: radio velocity [km/s]
#yLabel: [Jy] Flux Density

# NGC_1052_comb_CO_Nat.image.pbcor-raster
6.386207885742e+02 -1.012313127916e-02
6.521664428711e+02 -1.235704003853e-02
6.657120971680e+02 -1.212040863385e-02
6.792577514648e+02 -1.000953626492e-02
6.928034057617e+02 -9.443909139968e-03
7.063490600586e+02 -8.019038581262e-03
7.198947143555e+02 -6.923812718237e-03
7.334403686523e+02 -6.135022931626e-03
7.469859619141e+02 -1.240785657689e-03
7.605316162109e+02 -5.869417469334e-04
7.740772705078e+02 -2.394110793341e-03
7.876229248047e+02 -1.504349780010e-03
8.011685791016e+02 -2.188625737671e-04
8.147142333984e+02 -8.710728254399e-05
8.282598876953e+02 -2.613802676372e-04
8.418054809570e+02 -1.426132240084e-04
8.553511352539e+02 -2.469207404116e-03
8.688967895508e+02 -9.481591675022e-03
8.824424438477e+02 -1.267345393295e-02
8.959880981445e+02 -6.871850816965e-03
9.095337524414e+02 -4.322334971688e-03
9.230794067383e+02 3.087760468457e-05
9.366250610352e+02 9.029314470007e-03
9.501706542969e+02 5.941854759152e-03
9.637163085938e+02 -6.276630461317e-04
9.772619628906e+02 1.601227150916e-04
9.908076171875e+02 8.587891271322e-04
1.004353271484e+03 -2.999375485785e-03
1.017898925781e+03 -3.786086500707e-03
1.031444580078e+03 -1.183420833530e-03
1.044990234375e+03 5.124054198458e-04
1.058535888672e+03 1.505848360060e-03
1.072081542969e+03 -2.475041268605e-03
1.085627197266e+03 -1.000209379020e-02
1.099172729492e+03 -1.170901544873e-02
1.112718383789e+03 -7.722512135141e-03
1.126264038086e+03 -5.380901115412e-03
1.139809692383e+03 -6.377135102855e-03
1.153355346680e+03 -6.494233916705e-03
1.166901000977e+03 -6.345029655468e-03
1.180446655273e+03 -4.049416734390e-03
1.193992309570e+03 1.786385382624e-03
1.207537963867e+03 6.509756397454e-03
1.221083618164e+03 1.020768690909e-02
1.234629272461e+03 1.435605689525e-02
1.248174926758e+03 1.846340076405e-02
1.261720581055e+03 2.481756137469e-02
1.275266235352e+03 2.605526857154e-02
1.288811889648e+03 2.319275203238e-02
1.302357421875e+03 2.336185757020e-02
1.315903076172e+03 2.662345249746e-02
1.329448730469e+03 2.399149817933e-02
1.342994384766e+03 2.519861150266e-02
1.356540039062e+03 3.113448863091e-02
1.370085693359e+03 3.351335303223e-02
1.383631347656e+03 2.962316081559e-02
1.397177001953e+03 1.891616529666e-02
1.410722656250e+03 1.703902516234e-02
1.424268310547e+03 1.854482166635e-02
1.437813964844e+03 1.178683527664e-02
1.451359619141e+03 8.687588150675e-03
1.464905273438e+03 1.156249673449e-02
1.478450927734e+03 1.656709749710e-02
1.491996582031e+03 1.677270396744e-02
1.505542114258e+03 1.142176396261e-02
1.519087768555e+03 9.521118616291e-03
1.532633422852e+03 6.918676704962e-03
1.546179077148e+03 8.245427523290e-03
1.559724731445e+03 1.452197048498e-02
1.573270385742e+03 1.811562433457e-02
1.586816040039e+03 1.901913161015e-02
1.600361694336e+03 1.253972589925e-02
1.613907348633e+03 1.108990435822e-02
1.627453002930e+03 1.491804575251e-02
1.640998657227e+03 1.378551262530e-02
1.654544311523e+03 1.077573159855e-02
1.668089965820e+03 -2.236321674709e-04
1.681635620117e+03 -1.186169776036e-02
1.695181274414e+03 -8.160313993856e-03
1.708726928711e+03 3.379417818366e-03
1.722272460938e+03 5.232414970969e-03
1.735818115234e+03 -1.361585681737e-03
1.749363769531e+03 -1.286537827564e-03
1.762909423828e+03 2.978924177517e-03
1.776455078125e+03 9.417213052770e-04
1.790000732422e+03 5.265479337926e-04
1.803546386719e+03 3.684757646101e-03
1.817092041016e+03 3.230632697011e-03
1.830637695312e+03 -2.966694734340e-03
1.844183349609e+03 -6.385854547544e-03
1.857729003906e+03 -4.345601765090e-03
1.871274658203e+03 -2.472005723112e-03
1.884820312500e+03 -1.210507092751e-03
1.898365966797e+03 -3.448284789792e-03
1.911911621094e+03 -3.836741629684e-03
1.925457153320e+03 -9.642485242120e-04
1.939002807617e+03 -5.815949716245e-04
1.952548461914e+03 -8.100698975041e-04
1.966094116211e+03 -5.261773359357e-03
1.979639770508e+03 -2.388605231251e-03
1.993185424805e+03 3.070827629987e-03
2.006731079102e+03 1.389232343855e-03
2.020276733398e+03 -5.283777011067e-03
2.033822387695e+03 -9.303075278603e-03
2.047368041992e+03 -3.637537890593e-03
2.060913574219e+03 -1.638127285563e-03
2.074459228516e+03 -9.776947485864e-03
2.088004882812e+03 -8.592542102765e-03
2.101550537109e+03 7.897060292540e-04
2.115096191406e+03 1.155102665453e-03
2.128641845703e+03 -3.133262544681e-03
2.142187500000e+03 -3.602641992024e-04
2.155733154297e+03 2.418541069464e-03
2.169278808594e+03 2.105922083745e-03
2.182824462891e+03 1.504128050721e-03
2.196370117188e+03 -3.133032470741e-03
2.209915771484e+03 -5.471770546455e-03
2.223461425781e+03 -6.575986220851e-03
2.237007080078e+03 -4.577457168559e-03
2.250552734375e+03 -8.693733628262e-04
2.264098388672e+03 -4.260356151758e-03
2.277644042969e+03 -5.469628117002e-03
